1.
07935	41.33
05080	40
00645	39.75
08090	39.5
05738	39.33
08349	39.2
08850	39
02202	38.25
09468	37.75
06866	36.75

2.
BEM	54080
BIA	61614
BIE	56368
MOK	55889
OCH	59273
PRA	57241
REM	58971
SRO	58124
TAR	60234
URU	59597
URY	50116
WAW	57674
WES	60372
WIL	55476
WLO	66372
WOL	60523
ZOL	62312

3.
BEM	8108
BIA	9274
BIE	8475
MOK	8452
OCH	8861
PRA	8575
REM	8873
SRO	8776
TAR	9120
URU	8960
URY	7519
WAW	8699
WES	9050
WIL	8284
WLO	9966
WOL	9117
ZOL	9417

4.
a) 2026 VII
b)
2020	54081	53807	53727	86603	86484	118728	151022	118672	86480	86386	54052	54143	151022
2021	54622	54346	54265	87470	87349	119916	152533	119859	87345	87250	54593	54685	152533
2022	55169	54890	54808	88345	88223	121116	154059	121058	88219	88123	55139	55232	154059
2023	55721	55439	55357	89229	89106	122328	155600	122269	89102	89005	55691	55785	155600
2024	56279	55994	55911	90122	89998	123552	157156	123492	89994	89896	56248	56343	157156
2025	56842	56554	56471	91024	90898	124788	158728	124727	90894	90795	56811	56907	158728
2026	57411	57120	57036	91935	91807	126036	160316	125975	91803	91703	57380	57477	160316
2027	57986	57692	57607	92855	92726	127297	161920	127235	92722	92621	57954	58052	161920
2028	58566	58269	58184	93784	93654	128570	163540	128508	93650	93548	58534	58633	163540
2029	59152	58852	58766	94722	94591	129856	165176	129794	94587	94484	59120	59220	165176
2030	59744	59441	59354	95670	95537	131155	166828	131092	95533	95429	59712	59813	166828
c) odnosnik: Wykres  liniowy  obrazujący  przewidywane  zużycie  wody  w  każdym  z  kolejnych miesięcy w 2030 roku.png

5. 2035 VII
