100
45 -31 -21 -34 30 -2 12 21 -39 -46 -48 8 15 30 8 -48 29 12 11 -28 40 27 28 -45 2 50 8 28 14 47 -22 -20 27 16 43 -7 35 13 7 15 40 -42 23 -7 7 18
22 13 28 -33 -15 -46 12 -22 31 -33 39 34 -11 45 -25 -25 -50 48 31 -20 -25 -5 5
18 -36 -24 -17 10 24 21 -35 6 19 38 6 44 20 30 -49 -33 -44 9
37 -36 -18 2 -2 35 -2 45 -36 40 26 -42 -17 45 40 -31 -21 33 -4 -50 40 13 -50 11 12 37 -26 38 -31 7 30 4 32 -50 -7 -40 -12 27
17 -5 -11 41 -1 46 16 16 48 38 -49 10 1 25 39 26 -14 -50
1 20
28 44 46 19 22 -42 47 -6 9 -38 42 36 -40 -30 14 -37 -50 -29 19 50 -16 -42 18 29 3 -42 -30 -44 44
21 38 -48 -24 16 21 -4 42 38 -12 -47 -40 -5 -5 1 -45 -24 -15 -50 -31 -34 -46
30 15 -38 -26 20 -27 -18 19 -46 13 -8 -20 -45 15 4 -9 -19 -34 -25 -1 -9 -3 27 19 13 45 -45 -26 45 36 -24
50 43 -27 11 -15 -37 1 36 -36 -19 -7 36 25 -19 1 4 2 30 33 -36 48 -41 36 32 -48 -27 -24 1 -14 -8 47 16 -34 -34 -36 48 -35 -45 -49 34 38 -21 25 29 -11 29 6 37 -32 19 -45
27 -20 40 7 50 -17 22 -45 24 -33 -27 -24 -44 -41 -16 6 -25 -49 23 -33 47 -6 29 -9 -48 -15 28 7
41 5 11 22 -11 -19 -23 -24 37 10 11 26 2 26 -47 50 42 32 4 -5 9 31 -32 -5 -42 36 -22 13 -38 -7 -16 -13 34 -11 -11 -13 -9 15 47 -42 5 -49
18 31 32 -20 -38 -22 14 26 -12 44 -21 46 -18 -42 -34 -20 46 40 -2
22 48 49 -47 -46 22 19 -48 -17 -32 -29 -6 23 -13 -5 -41 14 -42 -6 1 -47 -37 48
45 43 45 -43 39 -11 27 -27 2 -33 14 23 19 -9 42 -31 -43 10 -47 11 -10 -11 29 -29 -45 48 48 -8 -27 43 -28 -1 -15 37 -33 10 2 40 16 -12 -5 33 42 -48 -35 -5
6 -44 15 -31 -27 -24 15
12 -30 -33 -50 27 -34 -13 -14 -34 49 32 6 50
26 -3 -48 25 -42 40 -8 -8 20 -4 42 31 -8 -43 -20 48 12 -27 37 -43 2 17 41 1 -17 25 -5
42 -5 -9 22 -1 -1 -24 -14 -6 29 -4 -45 8 -33 3 -35 -47 -16 31 -41 -22 -23 -5 39 49 -8 22 -15 32 44 -43 -32 19 -48 36 -2 23 -40 -32 -16 31 48 -50
29 -47 -20 -31 -30 45 -11 -40 -34 -23 6 16 -15 -35 -10 -31 21 -26 -38 28 46 41 17 -38 37 -31 17 38 27 -41
13 -46 11 -48 27 28 -10 32 22 30 -9 38 -34 -31
8 -34 17 43 -35 -38 -8 13 26
26 35 24 -23 -32 -20 31 10 49 17 -2 7 -37 -48 28 -3 46 48 20 -11 -20 43 -8 -32 32 -29 10
31 -46 -2 7 30 -18 8 44 -41 -47 40 -6 -2 -44 23 -19 19 -43 32 -19 9 42 -26 8 7 29 12 2 -22 36 22 -36
13 16 36 -19 -15 -10 -11 -30 -49 -42 13 37 -29 40
32 19 43 10 17 -25 3 12 -40 -44 41 20 8 -27 26 21 31 12 -24 21 23 -44 -15 -5 -27 -22 -48 -11 -48 -9 -34 15 35
41 12 21 30 21 -9 31 33 39 11 -19 -33 5 -12 21 -28 -30 16 38 21 -44 39 -7 19 -2 25 -3 -33 -9 33 1 46 6 8 14 29 -2 -22 17 0 -44 -5
34 -37 -32 46 -5 -42 42 -15 16 -5 -4 -44 28 41 42 42 38 16 -26 49 -13 -50 0 2 -37 -12 -44 -50 36 -7 -23 43 32 39 -44
40 6 -44 40 43 -18 -30 25 -12 -46 -25 -7 37 45 16 -42 48 -49 -43 41 37 -35 13 -42 -49 -20 14 -2 3 -9 -17 -22 -31 -39 -16 -40 -10 5 -39 8 27
25 0 -11 -22 36 -28 -23 -34 15 25 2 11 -3 41 4 -19 -10 2 12 7 -48 -10 -21 -25 -2 28
34 15 -17 -14 -9 38 -1 -40 -49 16 -37 10 -14 23 45 -34 -29 -38 -27 -18 -5 11 -26 -37 -35 35 12 -14 39 -29 -4 43 6 -9 45
40 -34 42 -35 38 -17 46 2 41 -44 38 -7 35 -27 6 44 -32 15 27 -25 42 -6 45 38 28 -48 3 -5 19 12 44 -50 -8 -27 -12 -17 -32 30 1 23 36
48 0 44 -40 36 7 -18 17 3 28 -23 -49 26 43 32 2 -5 49 -50 -25 36 -36 0 24 -45 -18 -11 43 -23 -7 19 -41 48 -29 8 -10 8 -36 -44 6 50 -18 38 -27 45 15 -10 2 45
3 -39 -5 20
34 17 35 34 45 -11 -41 25 -4 -26 33 -33 13 -12 -40 -33 -29 -42 -41 35 5 3 38 -25 -2 -10 -20 -31 -11 -1 -41 -24 -32 16 -32
32 9 -5 0 -6 6 45 37 49 -45 -32 -33 -38 -2 16 20 -27 49 47 34 29 4 -26 33 44 36 -19 45 -15 -50 -7 -7 2
38 -26 26 -22 10 -12 43 34 46 10 -2 8 22 35 4 -17 12 31 -28 23 -5 36 -38 19 -23 39 -19 -1 -33 -31 46 -28 -12 -2 -44 -15 -11 20 -32
45 42 3 -36 32 42 18 -42 -11 19 4 16 -22 -30 49 -29 7 -10 -39 22 -21 -16 -44 13 -29 42 7 -28 45 2 14 4 29 18 -6 50 46 48 33 -50 47 -4 32 26 25 -38
41 12 11 46 -1 -25 16 -26 4 25 -43 25 -12 42 16 14 -40 17 3 5 -24 15 30 -7 -3 34 5 -4 -21 14 34 -1 -50 36 24 2 1 -44 37 -26 -27 18
39 44 44 -7 24 -33 -20 47 34 16 14 4 21 -17 41 36 -27 28 28 -8 -12 -5 1 1 45 -10 33 39 -44 -45 -14 29 -12 -44 35 -43 -4 43 -8 24
39 -35 -39 -28 -7 -14 -3 -10 -6 16 17 -24 -16 6 -47 -34 6 -35 -39 -27 -16 24 -24 -46 -25 -50 -34 46 10 -34 36 -21 -20 -30 12 -31 -20 -40 26 3
9 -3 -11 41 -44 21 -49 -6 1 43
7 38 -13 22 -29 26 -19 -29
5 -37 46 3 -12 50
19 -14 24 13 38 -11 7 -2 -4 37 0 40 39 20 6 37 1 37 30 -9
18 -14 21 46 -11 34 33 26 5 -5 -49 -26 -7 -32 7 2 50 2 -26
44 1 -14 -49 10 49 -23 -35 19 -20 45 -4 -29 26 41 -32 7 -24 9 -16 32 6 46 -25 37 8 -12 -8 48 -45 24 -30 3 40 39 18 -47 -28 -42 -31 -1 7 -35 -32 31
10 -50 38 50 20 -16 -34 -8 4 -31 -23
45 -41 29 -6 -1 -24 10 -2 49 -8 -13 17 -30 9 -50 27 -5 50 26 -49 -42 -47 -32 34 29 -9 -29 -9 22 11 -3 26 4 -13 46 -26 41 5 0 19 -40 20 -6 -5 13 40
2 -19 15
35 -4 -37 -31 -6 -16 -4 34 -49 -28 -30 -18 7 -16 42 36 -39 -6 -50 -29 44 -7 41 7 -16 24 33 -29 1 34 -17 -5 22 29 -22 0
27 25 -11 26 -34 27 -25 39 1 -23 -35 -23 16 12 0 -42 23 -47 -47 -26 -47 26 -21 -37 15 -40 25 38
47 36 33 -28 6 21 -29 45 35 -23 -20 13 -33 -43 -8 -16 31 -18 -41 17 -2 -48 26 -22 -27 -11 44 29 -32 42 18 27 6 42 7 -28 -25 25 23 12 -39 36 -28 -37 -48 -1 11 -10
38 -27 -22 -23 38 -4 -50 12 -7 -8 -7 -11 -36 26 -17 -16 40 28 7 28 38 -17 19 -40 43 -30 42 20 28 -31 2 1 -8 -7 -4 -8 22 12 28
15 9 9 -2 -9 30 -16 36 31 19 3 -12 19 11 33 12
16 -26 22 -7 -10 20 27 2 13 -34 -18 38 -5 -29 47 -35 7
1 30
46 6 7 49 -29 -50 -10 -22 -38 33 4 48 -18 -14 -7 43 -9 -36 41 -49 -36 38 -11 -10 -42 48 -37 14 -31 39 33 -28 -2 -27 -27 31 21 14 24 -10 -2 15 -28 49 0 -35 23
23 44 45 -33 31 -46 21 -35 26 43 46 -2 -25 -24 -16 2 -46 -20 27 9 -21 40 11 47
31 26 -11 -48 38 18 30 48 8 -25 -16 -7 -15 -39 24 35 13 -37 42 3 27 -5 -36 50 7 35 -32 19 -23 -23 -38 -20
14 -12 5 7 8 10 38 -12 29 24 33 -8 -27 38 -45
42 1 -34 -18 8 2 25 -10 40 -12 23 25 -10 12 4 6 -23 -18 19 -7 -47 44 1 -49 -32 -42 30 -7 -50 45 45 -32 30 40 -3 26 34 38 -42 20 44 -41 -35
16 9 -49 -12 25 -47 -39 33 -48 -6 9 41 -8 47 -23 -8 23
20 -17 -19 -23 -27 -7 -26 -19 -40 -49 1 -19 20 48 40 27 -41 42 -41 8 -43
37 26 33 -45 19 0 -27 29 9 -44 -26 1 -34 -16 -13 43 -46 48 0 37 -17 -39 40 -23 -1 26 5 -35 -9 2 -12 1 -25 29 26 8 -25 1
24 -20 -41 -50 22 -31 -36 -32 -28 16 13 39 -2 -7 -11 4 -41 15 -31 -24 36 -8 31 21 -42
25 6 10 19 -27 9 46 43 -9 -50 36 -45 -48 26 30 45 -40 -23 41 31 17 -50 -44 -32 -22 -27
40 -33 -27 -18 -41 16 -11 14 6 -23 -27 7 4 27 8 -10 46 -1 -16 -9 2 -41 -6 35 -20 7 -24 -18 12 38 20 -47 1 34 -45 -40 -18 -12 -34 17 13
47 -46 -19 -6 -17 -29 41 14 -39 37 4 -47 1 -35 -38 -47 4 -45 6 45 42 -34 -48 2 16 -47 17 -49 35 -24 33 17 18 -9 -20 -41 -48 24 -6 -10 -40 -19 23 -23 34 30 -35 -28
23 48 -36 23 -40 8 39 18 38 10 -6 -40 -9 -4 39 43 1 26 13 34 -5 33 28 -17
48 17 19 4 22 33 -39 39 -15 -14 -50 36 18 -32 40 -34 20 -8 -31 -26 -47 41 -7 -8 -45 -43 -47 -35 -43 35 -25 -12 31 24 -12 -1 47 -20 38 -33 -42 20 35 -30 42 -25 39 -6 18
41 14 49 31 25 -43 40 -16 23 -17 -37 4 48 27 33 34 39 20 9 -21 0 28 2 18 -50 -6 -25 19 48 48 47 -13 -33 33 -24 13 -30 6 16 2 18 48
30 32 -8 -43 41 4 -33 -6 17 -50 -21 3 -37 -25 -25 -16 -3 -17 -6 35 33 34 -16 -19 19 -42 -24 -18 -33 8 -27
30 -17 11 24 29 -1 -47 -3 -31 -26 -19 -2 -19 42 -33 50 -5 16 -42 -14 25 -43 -25 -36 -7 -15 -37 45 46 31 -21
7 19 0 32 1 -13 -50 19
33 11 -20 -49 27 49 -1 -42 41 -33 -6 41 16 27 2 -33 -24 37 9 -8 -16 -46 -33 6 -32 36 37 28 33 -9 42 6 -8 -39
6 45 -4 -37 -13 -22 -46
36 -42 16 -8 -49 -10 34 4 31 -40 -10 22 -48 33 -28 -50 34 -8 -8 15 -42 31 12 -33 1 27 -9 15 28 17 -49 -48 18 2 18 -43 -34
11 -20 44 -16 -9 29 -40 39 48 31 -22 -25
10 -33 38 19 -18 49 -23 14 25 -22 -5
40 25 15 -32 10 -30 -7 5 8 46 35 -28 -13 32 -43 -33 15 40 15 -38 47 24 -17 38 -39 17 -36 -1 -7 -26 -13 -2 27 26 -14 14 35 0 26 -29 -2
4 -4 40 -37 4
33 40 8 49 27 -49 -3 21 43 -46 14 25 21 39 8 -13 -46 -37 4 -27 -36 17 -22 25 -32 31 32 -40 14 48 44 1 -7 39
35 -40 50 -50 -6 -41 39 -35 35 33 27 -33 -8 -41 24 0 42 -46 -26 30 -36 0 11 -27 -42 -35 34 -17 36 19 -30 -12 41 34 -9 3
25 -6 11 48 -33 50 -6 -15 -28 9 -19 -12 23 28 50 4 39 3 -1 11 15 3 43 -42 -15 9
37 -41 48 27 -2 9 -37 -1 15 16 -33 -29 25 -41 26 -12 20 -23 -41 -46 -23 2 -50 21 -15 -42 7 -50 -39 41 -15 30 46 -1 22 46 26 37
23 45 -3 -12 50 13 -7 -40 49 47 32 -5 50 9 -44 13 44 -7 22 37 -31 -2 -30 -18
23 5 20 -28 3 -23 -43 39 -13 -35 4 30 -2 46 8 -38 44 -2 -41 19 34 -32 -36 24
43 -37 -49 -44 36 -2 41 -12 16 -3 -49 25 3 46 -30 -34 -5 4 -12 -17 -48 41 -10 -27 -50 8 -42 29 -8 -31 7 34 -50 3 -21 -37 -45 15 13 5 24 15 -42 -42
6 44 8 -34 -33 0 -39
5 28 45 1 -49 31
4 19 -17 -7 49
16 11 29 -40 -34 -37 47 48 -49 35 24 26 18 -44 -17 -36 26
42 -50 28 23 -38 35 -10 24 -45 -38 -24 -10 1 4 15 32 -8 -30 -21 9 41 -14 -23 -39 49 -1 1 -50 18 -1 20 33 -37 -19 -17 -22 -32 27 -17 11 -18 -9 -48
45 -9 5 24 16 -1 -48 -32 -25 -5 20 -12 -44 -1 -30 -23 -16 -37 15 -23 47 31 34 3 -11 19 44 -14 -48 -29 13 32 -22 -45 -8 0 10 50 2 31 -33 -50 9 10 -11 -46
10 -12 2 -26 12 -5 -34 -46 -28 2 11
50 10 -36 7 16 -46 38 -48 -1 -13 -42 -47 3 24 50 48 3 28 -12 38 49 -17 46 -19 22 40 14 19 28 -45 -14 -33 -7 -7 -15 14 8 41 16 -3 18 12 -15 -30 30 14 2 35 -43 -50 38
9 -13 11 40 -1 27 50 -36 -48 0
16 33 7 11 46 -12 39 -35 27 4 31 -1 3 26 -7 -28 19
5 -16 5 -7 8 -3