1 2 3 4 5 6 7 8 9 10 
1 2 3 4 5 6 7 8 9 10 
1 2 3 4 5 6 7 8 
8 7 6 5 4 3 2 1 
1 2 3 4 5 6 7 8 
4 3 2 1 8 7 6 5 
1 2 3 4 5 6 7 8 
8 7 6 5 4 3 2 1 
2 4 6 8 
4 2 8 6 
3 33 333 
3 33 333 
0 1 
1 0 
1 2 3 4 5 6 7 8 9 10 
10 1 2 3 4 5 6 7 8 9 
1 2 3 4 5 6 7 8 9 10 
1 2 3 4 5 6 7 8 9 10 
3 2 1 
1 2 3 
1 2 4 8 
1 2 4 8 
1 2 3 4 5 6 7 8 9 10 
3 4 5 1 2 8 9 10 6 7 
1 7 2 6 3 5 4 
2 6 1 7 3 5 4 
1 7 2 6 3 5 4 
1 7 2 6 3 5 4 
1 2 3 4 5 6 7 8 
3 4 1 2 7 8 5 6 
1 2 3 4 5 6 7 8 
3 4 1 2 7 8 5 6 
4 44 444 4444 
444 4444 4 44 
4 44 444 4444 
444 4444 4 44 
1 2 3 4 5 6 7 8 9 10 
1 2 3 4 5 6 7 8 9 10 
10 9 8 7 6 5 4 3 2 1 
1 2 3 4 5 6 7 8 9 10 
1 2 3 4 5 6 7 8 9 10 
10 9 8 7 6 5 4 3 2 1 
10 9 8 7 6 5 4 3 2 1 
10 9 8 7 6 5 4 3 2 1 
1 2 4 8 16 32 64 128 256 512 
1 2 4 8 16 32 64 128 256 512 
5 3 2 4 1 
3 5 2 4 1 
1 2 3 4 5 
2 1 4 3 5 
1 2 3 
1 3 2 
15 14 13 12 11 10 
10 14 12 13 11 15 
20 21 22 23 24 25 26 27 
26 24 23 21 27 25 22 20 
11 12 13 14 15 16 17 18 19 20 21 22 
11 22 21 18 17 16 15 14 19 20 13 12 
11 12 13 14 15 16 17 18 19 20 21 22 
20 13 12 16 17 18 14 15 21 22 11 19 
11 12 13 14 15 16 17 18 19 20 21 22 
15 20 21 22 11 16 17 18 19 12 13 14 
25 31 32 11 12 13 14 15 21 22 23 24 
21 32 31 15 14 13 12 11 25 24 23 22 
1 2 3 4 5 6 7 
4 1 2 3 7 5 6 
112 111 110 109 108 107 106 105 104 103 102 101 
106 107 108 109 110 111 112 101 102 103 104 105 
101 102 103 104 105 106 107 108 109 110 111 112 
104 103 102 101 109 108 107 106 105 112 111 110 
1 2 3 
3 1 2 
1 2 3 
2 3 1 
1 2 3 4 
4 1 2 3 
1 2 3 4 
2 3 4 1 
1 2 3 4 5 
5 2 4 3 1 
1 2 3 4 5 
5 2 4 3 1 
1 2 3 4 5 
1 2 3 4 5 
1 2 3 4 
2 1 4 3 
1 2 3 4 
4 3 2 1 
1 2 3 4 
2 1 4 3 
1 2 3 4 
4 3 2 1 
1 2 3 
2 1 3 
1 2 3 
1 3 2 
1 2 3 
3 2 1 
1 2 3 4 5 
1 2 3 4 5 
1 2 3 4 5 
1 2 3 5 4 
1 2 3 4 5 6 7 8 9 10 
1 2 3 4 5 6 7 8 9 10 
1 2 3 4 5 6 7 8 9 
1 2 3 4 5 9 6 7 8 
1 2 3 4 5 
3 1 2 4 5 
5 4 3 2 1 
5 4 3 2 1 
5 4 3 2 1 
5 4 3 2 1 
9 4 8 7 2 6 5 3 1 0 
0 1 2 3 4 5 6 7 8 9 
9 0 6 7 5 2 4 3 1 8 
9 8 7 6 5 4 3 2 1 0 
1 1 1 5 5 1 5 5 1 5 
1 1 1 1 1 5 5 5 5 5 
3 1 3 
3 3 1 
3 3 1 1 3 1 3 3 1 1 3 3 
3 3 3 1 1 1 3 3 3 3 1 1 
3 3 1 1 3 1 3 3 1 1 3 3 
3 1 1 3 3 3 1 1 1 3 3 3 
1 2 3 4 5 6 
6 5 4 3 2 1 
1 2 3 4 5 6 
3 2 1 6 5 4 
1 2 3 4 5 6 
3 2 1 6 5 4 
1 2 3 
3 2 1 
1 2 3 
1 2 3 
