0 0 6
2 5 3
10 11 12
-6 -7 6
6 7 5
-10 -9 2
-4 3 4
-9 4 1
-8 9 3
10 -6 4
1 -1 2
-2 1 3
12 16 3
-15 -7 4
17 -9 3
0 0 2
0 8 3
-10 0 1
-6 1 4
1 -7 2
1 -5 1
3 2 1
7 3 2
8 -6 1
12 -8 7
8 -2 2
140 -5 4
20 20 1
-27 25 4
-16 28 2
37 0 2
33 1 1
-28 -1 1
-20 0 2
-82 -5 3
66 61 6
-16 -6 1
-83 97 10
-45 87 7
22 15 4
-64 46 8
76 31 9
-55 47 8
9 15 1
-25 -19 7
-35 -87 11
89 -52 7
-36 75 4
-77 -6 6
65 20 9
67 86 10
-34 8 4
-60 -50 1
82 55 3
71 -23 9
63 -74 2
-90 54 4
12 77 6
82 -33 8
0 3 6
3 1 1
-2 0 2
13 2 1
3 25 2
7 8 1
13 2 2
0 5 1
14 -33 2
-11 96 4
-56 65 7
-4 -31 11
46 -24 1
-1 -82 4
-44 -85 2
-44 -85 3
72 46 4
81 -82 5
95 -4 7
-90 -73 3
0 35 3
9 90 4
-87 45 6
85 -69 11
-16 -51 8
-79 -91 9
55 92 2
-23 5 1
23 -5 2
31 30 2
10 10 1
27 27 2
40 -3 3
28 -39 4
-5 74 7
-34 -97 3
-15 34 2
-60 100 14
54 -84 9
-60 100 4
-60 114 2