3 10002101111201
6 532420040
3 121212002021100
9 2517134
13 CA76C6
16 36A958
6 503103424
9 20702187
2 111111110010011100010
6 241131341
2 100001101011000101101001
10 7158517
9 2737641
4 20323001132
6 145401120
8 13607033
13 145795C
16 45C353
6 125415235
2 11111001101101000011010
16 3BE4AE
11 5670588
4 33131111003
6 222033013
2 10100100100100010100010
4 30332033
16 3ED83E
6 215554253
12 18650354
2 10111101101010110110
4 202021320103
5 33330344
10 2833864
12 176762B
4 21202022021
7 1123211
12 A37527
4 10203323213
5 3123030411
10 4792612
9 2230437
4 112100210003
12 2110901
10 7231724
14 13CBB08
5 4101014
12 2469084
4 201223011210
14 B1258A
5 3031340140
12 3037BB2
4 2223002223
8 5367235
2 10110100010110110111111
5 4301343433
8 25707525
13 1485498
16 391963
2 100001110001010111011111
2 1000110110111110
5 1301102043
10 3228223
5 222431203
8 42176015
16 6F331B
13 15CBB86
5 344331140
16 59659F
8 37345776
7 403041655
8 3671705
2 11001010000001111001010
13 50B47C
16 2009C8
16 ACCA
5 1313444434
2 1001111011000000110101
8 17067530
13 1219A25
7 5324235
16 60CC29
2 100100000000011000010
14 A41135
16 3DF4BA
13 19880A4
16 32DD3629
2 11010111001001010110010
8 6356644
16 1C7F50
13 6A66BC
5 4221411134
14 3D3675
2 100001000000000100001100
13 205BB68
5 1410000100
3 1201201202201
2 111010010111001111100
7 133113403
4 200311300231
14 CC8AA8
16 BAF5D
7 145163230
2 11101110000001011011011
2 10010010100100111100010
14 129DD35
10 2668035
4 210323023123
3 21010202100112
7 146211
10 6221636
4 12332133
13 1C7542A
5 21132023
4 20003222031
7 12602454
5 3134144
15 37743
2 100100100101011001111001
7 65322056
2 1000100000011011
5 2000301331
4 111032232100
10 666780
7 23644563
11 A5445A
4 110111222031
15 5253B1
2 10001000010010000111000
5 4433241430
3 12211211221
4 10123112130
5 3421400023
15 6477BB
2 100101101110010101100001
5 2332343341
6 105305325
4 111103220231
7 146653343
3 20021102022002
15 70BED1
16 1A706F
2 10101011110100111111011
7 2155111261
6 305424431
15 CADB95
2 111010010011101101111
16 64AF07
2 111011101000101100101
7 144605343
5 144001124
6 514310455
15 A03A93
16 62BC92
6 515141515
5 1434420113
2 10001110010111000110101
16 291FA7
7 100643642
12 31607AB
2 110101101111111000110
15 B93B4A
6 255315504
16 FA1AF
2 100000000100001011101110
12 4B6613
7 55363024
12 27B9111
6 30552443
2 11011110010000010101000
16 6D1DF7
16 AD3DA
7 110204624
12 760595
2 11011111110100101010010
16 12EE21
2 10101110100000001011
7 34304542
3 201202102
16 211C91
2 1011010101011100101010
15 97D79387
7 16402065
16 4EF73C
5 4142421
7 66100600
12 29A1238
16 614EB1
16 FABBAF
2 11001100101000111001100
12 7244B3
5 30122103
2 1010010011110111111
3 20022001020221
5 4214444002
16 85F1F8
6 411504011
2 11011100111001011001101
12 2B28512
13 2086A0B
16 4CAC40
12 337A558
7 125321235
11 17A71
3 10121120220210
7 12331142
8 13045206
5 300231124
2 1101110101011001
3 22221201002221
16 69CBAE
7 13626031
4 3301022031
5 1202032302
16 57459F
11 5691323
7 16105446
3 102212022221111
16 512479
8 7455355
7 124010003
3 121122021011120
16 61F43A
7 66166
16 2FC987
5 2441120232
16 D909909D
7 11202236
2 10110100110111001000111
3 120222001221212
16 54D45
7 15025642
10 9379123
2 11000010010001110010
9 81418
3 12101021101001
5 2312121320
7 15651
16 2E6B72
5 440012141
12 2699161
2 11100001110011011010011
8 4624470
7 106006360
16 35C48E
8 753731
5 4404112142
2 10100101101100001101000
7 1620463114
16 4867A3
4 133103003000
2 111010101010011011110
5 130142334341
6 324254244
16 97E00A
8 17354606
4 111000120313
2 11110110101111001100110
8 25325
16 14B0DE
6 513004015
8 12337604
16 40A8E1
2 11000001111100011001001
6 233330500
4 112202032122
8 6362061
13 11B0731
2 100101110100011010101100
16 873616
4 32202223121
13 7A6112
6 231245421
16 77E7E
10 380643
2 11110010001010101011001
6 404220425
8 30506334
16 F705F
4 32322232302
16 86F808
13 1101086
8 26114144
4 23033301331
2 11110000001110000110011
16 6DA129
8 2631326
6 540214024
2 10011010011011010010
13 A4CCAB
8 32347563
16 38111E
6 43344431
13 51329B
16 1A84D3
8 45432274
16 AA1AC
2 1110110010011110101100
16 2A8F57
13 9B2033
8 3611036