41 8467 6334
6500 9169 5724
1478 9358 6962
4464 5705 8145
3281 -6827 6827
2995 1942 4827
5436 2391 4604
3902 153 153
7421 8716 9718
9895 5447 1726
4771 1538 1869
9912 5667 6299
9412 5765 5765
7035 9894 8703
3811 1322 333
7673 4664 5141
7711 8253 6868
5547 7644 2662
2757 37 2859
8723 9741 7529
778 2316 3035
2190 1842 288
106 9040 9040
2648 7446 3805
5890 6729 4370
5350 -5006 5006
3548 9629 2623
4084 9954 8756
1840 4966 7376
3931 6308 6944
2439 4626 1323
5537 1538 6118
2082 2929 6541
4833 1115 4639
9658 2704 9930
3977 2306 1673
2386 5021 8745
6924 9072 6270
5829 6777 5573
5097 6512 6512
9161 8636 2355
4767 3655 5574
4031 2052 2052
6941 1724 3966
3430 1107 191
8007 1337 5457
2287 7753 383
4945 8909 2209
9758 4221 8588
6422 4946 7506
3030 6413 9168
900 2591 8762
1655 7410 6359
7624 537 1548
6483 7595 4041
3602 4350 291
836 9374 9374
4021 7348 3199
9668 4484 8281
4734 53 53
7938 6900 3788
8127 467 3728
4893 4648 2483
7807 2421 4310
6617 2813 9514
4309 7616 8935
7451 600 5249
6519 1556 2798
303 6224 1008
5844 2609 4989
2702 3195 485
3093 4343 523
1587 9314 9503
7448 5200 5200
580 9796 4798
5281 9589 798
8009 7157 7157
8538 2292 6038
4179 8190 9657
7958 6191 9815
2888 9156 1511
6202 2634 4272
55 328 2646
6362 4886 8875
8433 9869 142
3844 1416 1881
1998 322 8651
21 5699 3557
8476 7892 4389
5075 712 2600
2510 -1003 1003
4688 3401 9789
5255 6423 5002
585 4182 4182
1426 8617 3757
9832 932 4169
2154 5721 7189
9976 1329 2368
8692 1425 555
3434 6549 7441
9512 145 8060
1718 3753 6139
2423 6279 5996
6687 2529 2549
7437 9866 2949
193 3195 3297
416 8286 6105
4488 6282 6282
8114 1701 1316
671 5786 2263
4313 -4355 4355
912 808 1832
945 4313 7756
8321 9558 3646
7982 481 4144
3196 222 7129
2161 5535 450
1173 466 2044
1659 6292 6439
7253 24 6154
9510 4745 649
3186 8313 4474
8022 2168 4018
8787 9905 7958
7391 -202 202
4414 9314 5824
9334 5874 4372
159 -1833 1833
8297 7518 8177
7773 2270 1763
2668 7192 3985
3102 8480 9213
7627 4802 4099
527 2625 1543
1924 1023 9972
3061 4181 1003
7432 7505 7593
2725 3031 8492
142 7222 1286
3064 7900 9187
8360 2413 974
4270 -9170 9170
9711 5760 8896
4667 7285 2550
140 3694 3694
8019 2125 6576
1694 2658 6302
7371 2466 4678
2593 3851 5484
1018 8464 1119
3152 2800 8087
1060 1926 9010
4757 2170 315
9576 227 2043
2758 7164 5109
7882 7086 9565
3487 9577 4474
2625 5627 5629
1928 5423 5423
4962 123 4596
3737 3261 195
2525 1264 1264
8116 5030 326
9011 771 6411
5547 1153 1520
9790 4924 188
1763 4940 851
8662 3829 900
7713 8958 7578
8365 3007 1477
1200 6058 6439
2303 2760 9357
2324 6477 5108
1113 4887 9801
2850 4460 2428
2993 7384 7384
1111 8704 2835
2356 6072 9350
8823 4485 4485
1626 9357 8526
3357 9337 3271
3869 9361 2896
3022 9617 112
2717 8696 1585
4041 4423 4129
4229 4565 6559
8932 2296 9855
2053 6962 3584
9734 6654 6972
1457 4369 2532
2963 2607 2483
911 1635 67
2848 -4675 4675
2142 3754 6511
2741 175 1459
7825 3221 3221
6321 -104 104
1934 5205 1783
3850 7398 2279
2701 2193 2734
1637 6534 5556
1993 176 5705
6962 548 5881
300 4413 6641
9855 4855 3142
1462 7611 877
424 2678 1752
8443 8296 2673
40 9313 875
72 2818 610
1017 -4932 4932
3169 3831 40
6488 8685 9090
9497 -2589 2589
9353 9314 8651
6740 2044 1258
335 8759 1192
7605 5264 2181
8503 3829 3775
608 9292 5997
7549 9556 5561
1627 6467 9541
6129 1240 7813
9174 601 6077
215 8683 8213
3992 5824 5601
3392 5759 2670
6428 -8027 8027
8786 5498 4970
6287 3847 2604
503 1221 1221
2363 9010 2171
7489 8240 2164
5542 7619 913
7591 6704 1818
9232 750 5205
4975 1539 303
1422 1098 1247
3584 3648 2971
7864 2913 1075
1545 8712 7546
8678 1769 5262
8519 3985 8289
5944 2865 8540
3245 5508 5508
9601 8323 1132
4472 7152 5087
8570 -9763 9763
4423 3527 1600
6969 4015 5565
28 1543 5347
2088 2943 2637
2409 6463 5049
4681 1588 1342
608 2060 1221
1758 9954 888
4146 690 7949
2843 1430 5620
748 7067 4536
783 8035 2226
5185 7038 9853
5629 -1224 1224
3359 2257 4766
4944 4955 3318
2726 -5411 5411
1001 2549 9496
8584 9515 7964
3342 8075 7913
6142 1196 1948
5072 426 4606
6173 4429 2404
6705 626 9812
9375 93 6565
6036 4736 9141
814 5994 8256
6652 3936 838
482 1355 1015
1131 8230 7841
4625 2011 2011
9690 1650 5662
1634 893 353
1416 3452 3452
2233 5454 6303
6634 6303 4256
148 1124 2317
4213 7109 4028
9200 1080 1318
6858 4050 4155
1361 5264 1903
3676 9643 6909
4902 3561 8489
4948 1282 3653
674 2220 5402
6923 3831 9369
3878 259 9008
2619 -3971 3971
9781 6504 2392
2685 5313 6698
5589 -2722 2722
6410 1461 6234
2508 9961 3959
6493 1515 5269
4937 8869 58
4700 3971 6264
5117 6215 4555
7815 8330 3039
212 9288 8082
1954 6085 710
4484 4774 8380
9815 5951 6541
8115 1679 7110
5898 3073 788
3977 -8132 8132
6113 8 2941
5790 1723 1363
28 5184 5184
5071 1885 1974
1071 1333 2867
6153 4295 2168
825 9676 5629
8650 2598 3309
4693 4686 80
116 2249 6667
1528 6679 7864
9421 8405 8826
6816 7516 7726
8666 9087 7681
9964 1340 5686
6021 1662 4721
6064 9309 9309
9873 7124 3941
2745 1762 8423
7531 4806 4806
5602 1907 4307
3481 1012 1136
6630 4114 6809
4084 3556 2290
1293 9996 9152
1054 5345 4708
248 7491 3712
5131 114 6439
7958 4722 9704
6995 1052 5269
7479 8238 6423
7918 866 7659
2498 8486 1196
7462 6633 6633
1146 8392 3037
3925 647 9458
6602 807 807
9292 4600 7278
799 8352 448
3882 540 8315
4575 8762 9567
2336 8397 1418
9897 5828 3851
6816 4230 4449
6925 658 229
4520 940 9560
5147 5162 1655
675 792 2361
1754 6398 3146
8714 6946 1188
9569 -8638 8638
4515 1521 475
5615 528 3234
2570 -905 905
8962 4161 524
2549 7469 330
1923 8350 4333
2925 910 9737
6336 8337 1278
2393 7636 714
8164 1591 9949
9135 2505 3337
4 6337 2623
8664 9970 5608
568 9281 7085
9152 8373 8652
8194 9876 3826
8396 7572 7572
9174 8819 943
2611 1941 289
8419 -5565 5565
6216 1450 1615
2609 1064 9166
6893 6074 3509
300 9695 9573
5589 3161 1172
7968 7358 6031
6268 9426 8510
422 774 8779
910 3552 4182
5391 5495 5764
874 1364 4902
8255 4460 474
6972 6821 6122
5547 -1577 1577
195 7594 7950
6343 754 2481
1012 1672 1672
5912 9762 5967
4408 4415 1908
7223 1759 6434
5204 9486 4319
958 5945 6806
8166 8700 1367
7692 1787 8532
556 974 3447
5021 8283 6222
9331 2376 8583
6948 2723 7982
2018 4776 9220
1111 2182 3856
9490 8925 8925
9677 5969 1643
7534 5677 2668
1068 -1991 1991
6828 7727 9426
5871 697 7612
8703 1027 1408
5545 9508 7185
238 4237 6443
1313 2501 8850
5128 2111 3650
8149 1192 1454
5869 681 7465
267 7713 9793
8634 5472 972
2830 4901 8442
5177 3877 5770
702 4364 4364
8823 2237 8023
2179 6595 169
2327 2042 2042
1058 7926 9487
1670 2528 5651
2258 7213 9860
5783 1286 2742
8610 4472 7128
8434 5841 718
3503 4867 4865
938 1881 9257
2750 8614 8598
8458 2661 6063
2756 807 278
9489 9435 6365
2075 7586 1386
8570 9763 9763
7833 8360 8360
8928 9492 2433
3840 6766 1735
9810 1599 1599
1982 7328 9352
1369 1244 1794
6608 9252 1647
7432 9535 7208
3264 3497 3243
7649 2015 6841
189 6100 9812
648 9523 9851
4474 8633 9891
7200 9854 9990
5697 4919 7780
2578 2931 2544
3340 3487 899
2525 8483 8483
6193 8252 5011
1560 5834 1840
1497 2785 2785
8805 8791 3392
3210 3549 1578
6979 971 9277
73 193 1620
1497 3826 1276
9790 6582 3578
1159 418 6489
159 3449 2924
9072 380 7008
7967 208 6477
8503 5370 2607
4196 2074 3722
2611 9019 8761
1056 -2890 2890
3716 9932 5452
2741 4954 6813
2862 -396 396
904 2599 136
4680 9198 7032
4387 2584 7240
3517 7006 8670
241 8882 5249
3523 1758 2105
9621 7095 7296
9916 5678 178
3579 5058 7577
2750 4007 3729
4081 2995 2678
4676 7753 899
1784 5565 3093
3608 -6172 6172
7514 168 5055
1191 5973 8922
6748 5651 5651
6446 1577 6517
4629 9916 5874
5791 5469 2912
8146 693 9091
9815 6949 6857
640 6052 236
8551 9487 1226
8162 6955 3183
8394 180 6097
3065 7065 2513
9261 2578 1078
6878 4140 4611
1947 2445 170
9975 -3489 3489
3333 3865 2214
7282 7007 7432
8896 6367 6367
1810 7641 7231
2187 6705 6479
6321 6538 1351
9447 4208 9646
2276 5759 189
422 7666 8486
3455 2028 9614
4860 9253 1777
1348 2503 861
2431 9082 2455
4197 2106 8752
5821 7296 6281
6021 4455 5947
7124 8318 8318
1774 9859 4998
2074 9253 6922
635 -1643 1643
3232 4747 8680
9926 5678 6450
4801 4961 4199
855 6363 5716
573 1561 3245
6473 8274 1550
4353 1181 4287
2699 8110 8643
7465 7172 2529
9981 2112 3476
4381 8247 6890
6671 8805 2372
32 3989 9320
3165 -5431 5431
7206 6578 6948
2206 7171 8166
3396 6697 6697
5529 4788 109
7984 1969 8978
1617 4015 6626
3684 9168 7906
5928 2097 8118
4390 5199 1785
4486 9199 2420
710 8271 5813
7415 6085 318
3580 1331 7267
8387 3444 3186
4507 4360 7827
8074 6431 7152
271 -268 268
337 1311 7604
2677 406 7768
9022 9413 9413
7537 38 1388
7355 3289 1647
3181 3093 6584
987 761 493
8217 9501 7482
9447 5665 753
2104 5084 9095
3525 221 3964
1781 4872 8106
3656 3343 2593
7080 6080 4868
1411 3713 968
3251 7216 2079
8768 -7040 7040
3779 663 2259
6653 7936 2095
4365 -1874 1874
5680 8976 8455
5725 4071 4808
3559 9156 5602
7832 7905 440
7375 1562 2885
1962 1080 1836
797 1202 508
80 5340 2076
9058 1493 7740
8546 474 4773
9097 8880 3335
1072 3400 707
2955 666 4141
3588 -2481 2481
9396 6225 1009
2012 8136 1455
8762 -5043 5043
7922 4512 9248
6018 7368 3717
9714 7650 3290
3335 2759 3169
1895 5303 2640
1979 4199 9105
4791 8661 8681
3652 8753 4033
2029 5987 7042
6253 83 1420
5814 2718 2244
1063 7229 652
8864 4769 470
5005 -1047 1047
4326 3276 1323
6540 7679 3990
2588 -4710 4710
9221 8470 183
3589 3955 4978
4779 5006 3262
135 3487 7196
9033 2088 2935
9779 5993 4790
4962 8965 1001
9105 1807 4567
2669 3134 2671
1457 2998 3545
3597 4218 8838
4844 7372 8563
1028 9264 8801
4723 -3490 3490
4227 1197 3692
9771 363 9301
2363 -7721 7721
3445 8610 495
6741 5022 1812
9151 3015 8055
3393 8738 5279
9882 1608 2654
3822 2707 4245
1338 144 2290
1339 3154 4604
4623 2225 78
1724 1981 2330
9733 8223 594
9130 8846 4987
9445 8805 8616
5750 -489 489
8135 4697 2209
1630 3224 1908
6737 4474 4474
293 3855 6734
9561 1056 7606
8184 7075 8382
4119 6741 432
4684 2779 2279
8283 667 836
4125 4118 2737
8028 2119 577
737 4091 556
2795 6060 1901
8793 3432 2136
4580 4875 5907
1184 8074 8719
6790 -476 476
8329 6290 2974
3072 3591 2189
5787 -1490 1490
3053 7063 681
5903 7005 4176
8479 1695 6139
2468 3998 1083
3639 9515 7621
9993 5826 5722
3838 4828 2581
4399 8978 1891
1023 6943 4834
4243 7349 2702
8707 502 5141
687 8346 5891
4637 8413 1400
2816 -1690 1690
9126 9410 9877
1382 6260 7189
6705 3874 3874
2195 2566 6360
6038 8588 7811
8245 9467 2425
6867 3189 542
3063 1547 502
9617 9099 5023
7226 1203 48
1051 1570 8636
9458 5967 8456
9405 1531 9962
6819 7975 556
7531 1495 8044
591 6803 3388
8915 7450 7450
5791 9383 133
1775 4642 3569
8300 -7954 7954
2257 5333 893
490 103 4750
7233 722 4271
9611 8990 338
1641 3258 9047
2352 9658 479
5302 2683 8990
2 5568 4422
6895 6135 8008
2361 6742 2194
3699 3188 178
4042 1357 3941
1847 7469 6345
4380 1913 1913
61 5385 73
7504 9462 2703
8102 -1069 1069
1552 2074 9149
3730 2244 844
3049 4118 4065
6363 9552 8773
8470 9731 6747
7511 5869 4398
498 7103 7352
5679 8053 3043
4522 1088 1563
5834 9850 7022
7240 1911 9492
5651 8580 5477
7616 9876 9178
5220 4615 4615
2179 1635 6857
2883 1662 8902
8262 9420 9420
9273 5841 2686
8888 3917 1717
1892 3698 1267
1749 65 389
6932 5619 6081
2003 9130 3028
8631 4589 3152
8630 9172 9864
6407 2295 5428
9681 8490 6610
6177 1071 5236
6459 643 6840
7633 7037 3893
2630 274 274
2203 7461 8290
9662 2307 997
1151 -8423 8423
6640 8703 5566
4883 3661 2659
8245 386 2651
2765 9601 6840
7209 1497 7283
9250 8058 8421
175 581 6787
3271 4287 7999
2504 4979 2138
700 530 2461
2118 205 7540
8828 4459 1622
4398 3760 7098
2935 -481 481
8493 8596 9161
7746 538 7670
538 -1476 1476
6371 6760 5752
3758 5433 2255
9065 726 2401
3034 2759 393
548 7273 8792
6193 2933 137
7103 3690 8211
3694 4668 2627
7498 989 5248
3879 1647 1149
931 669 875
5598 5449 5436
4599 123 1443
1731 8154 8154
9385 3967 816
1393 6704 9866
953 308 308
792 2667 48
2469 3930 811
9814 6090 5427
3743 1604 599
6474 7195 506
5158 7589 9858
7809 7889 1447
40 3818 9364
7975 26 5089
2503 66 6412
6840 2570 4676
5395 8641 9986
7651 1109 8187
83 1085 1085
8686 4755 1381
8128 5502 4277
862 6424 6424
832 885 4428
6646 889 6478
883 4925 1265
1260 5045 778
5821 3855 2520
2927 4773 5134
7251 2675 3336
6334 1001 2737
9310 5974 7590
356 1071 2080
935 2145 7282
1825 8718 3573
4712 3037 4998
9905 7162 7162
9539 8047 946
9103 231 4115
839 -5858 5858
3394 7199 9645
4272 675 1862
2072 3773 2480
1238 6897 3542
9608 9203 3277
6125 134 1401
9078 8382 169
736 7478 7939
1138 8721 1426
663 1677 1575
6724 5981 7700
7961 8862 6002
8448 5095 684
4016 -5137 5137
1284 2944 259
821 7058 4643
7668 -677 677
3041 8891 5264
1623 6915 8072
7929 841 4715
7615 2536 4957
7759 700 3452
5093 4241 1829
2448 5227 1798
6224 324 2274
8133 2885 5038
2170 6862 2629
5084 1909 4878
6923 7085 9400
3024 4193 3105
9412 -5765 5765
677 3784 704
4790 9834 891
621 8085 8085
542 7998 2086
2018 5621 424
2597 1376 4254
9669 8108 2927
2493 6068 6366
9102 2438 2600
819 4318 2290
4984 6339 2556
5808 4632 1478
6814 3787 7239
8074 5020 827
2554 1988 7441
6798 3642 9002
6321 104 104
8509 9833 7708
9761 6533 686
4804 6385 6385
7260 2161 1620
4343 9578 1187
113 3063 4591
5934 415 656
9761 5012 8411
1959 6251 8738
3370 6124 5507
8007 7584 951
3101 4489 4958
5441 1790 7013
412 4855 1060
7093 8472 5402
2676 3543 7373
6266 7651 7651
532 761 5469
2503 2729 7107
7892 2451 2451
2570 3519 9472
3407 2494 9505
8440 383 4262
1409 8607 8038
4360 5471 1171
654 9947 1514
4523 1229 489
6766 7887 9756
6632 7470 5739
666 8522 7283
8160 7553 4705
7091 1259 5386
1687 4629 42
8317 2045 2045
5452 3154 466
1833 7760 6919
5631 6738 6738
1098 4314 6320
3053 4007 6469
4216 9722 9842
9007 5463 6260
947 3793 8630
8717 3043 1376
5314 6626 7117
1334 620 4171
6792 8964 9154
8866 4693 664
3775 3000 2212
1100 7551 5476
6379 943 7877
3789 361 361
1434 5144 9561
5563 4504 2946
3888 308 308
5123 6464 4074
4346 3837 1981
5318 6611 6292
7591 3832 7123
6461 6991 1461
7330 8498 7369
7291 8400 4179
4117 2317 9914
1595 1441 5936
1867 7028 1453
7909 3973 7981
1503 6569 6816
1883 5367 5385
8402 -5230 5230
5567 8310 1866
3687 3171 3477
1245 -2764 2764
2047 6115 4592
7311 2657 1405
53 7171 580
2740 2530 3675
4320 5790 3377
998 6586 1604
4489 9631 9744
8388 6610 8718
6919 8259 5927
4609 8119 1479
2716 6300 1396
6853 1458 830
4593 806 9849
4854 4272 4272
2054 6333 146
4229 471 428
559 2241 2241
6366 2033 6685
2270 5329 2261
2860 2208 8982
2162 2506 6878
1979 1897 7887
6538 4469 783
7540 2795 7266
8633 3509 4557
2317 6134 2053
8135 2258 2593
7843 1693 6466
2951 8140 1094
2937 5174 2512
6097 -9551 9551
3492 1292 237
7530 613 5296
1710 -2389 2389
8786 1744 8840
8182 8569 6120
7393 6292 4962
4214 2527 6807
3194 8705 4713
7011 8913 6693
9664 6203 8995
7762 4381 6946
9909 1048 1768
6624 2511 7954
4235 1127 4633
8240 1862 5127
7577 3817 2340
142 5100 5100
1476 3154 935
6430 5831 1295
3537 -5623 5623
8029 211 6211
1754 6880 2253
3293 1321 785
6528 443 1000
555 4671 9270
7452 9375 4631