numer rejestracyjny;Punkt A;Punkt B
NWE1882;0,121036;0,12492
GTC6032;0,921536;0,919324
NOE1810;0,430231;0,432487
CBR1005;0,338821;0,342389
STA5802;0,163898;0,16687
FSW8833;0,250122;0,246686
BLM550S;0,203725;0,201729
RPZ6117;0,539415;0,536711
FGW7916;0,932274;0,93419
NKE9304;0,654639;0,658099
BSU7002;0,237103;0,235663
BMN6560;0,246738;0,243126
DJE4167;0,665935;0,663263
NBR3345;0,228254;0,22493
KBR5778;0,136911;0,134159
EPA8924;0,058461;0,061785
RTA5016;0,324683;0,321511
WPZ8966;0,127914;0,125618
NEL2373;0,581143;0,582967
LZA7235;0,076166;0,079482
WZW7144;0,415721;0,414217
GSZ9176;0,723821;0,725249
DSR1552;0,546939;0,550423
WZU5215;0,321966;0,324238
NGI7942;0,949083;0,946907
WSZ3763;0,387827;0,384947
ELW4637;0,058074;0,05507
CZN4614;0,075793;0,078177
CCH2234;0,208654;0,210798
OPO5592;0,959372;0,956704
WKZ1364;0,924536;0,926424
ZBI6356;0,236339;0,232615
KWI7049;0,66373;0,661114
CBY9249;0,220334;0,223314
WPY7337;0,430026;0,427134
BSI3245;0,627839;0,629735
WSI3602;0,723448;0,720864
ZWA2184;0,0893;0,093152
CIN2517;0,898089;0,900501
NNI5982;0,549686;0,553598
ZSZ2700;0,025205;0,028741
CWA4963;0,741139;0,742831
GCZ6717;0,457122;0,459358
FZA9218;0,269772;0,2661
FWS1238;0,193527;0,189871
NMR7567;0,737458;0,733682
SWD1063;0,296132;0,294508
NLI1232;0,558664;0,555544
RPR8482;0,46307;0,466978
WSC9512;0,20654;0,20846
SRB970D;0,863714;0,86517
TSK8689;0,836207;0,838875
BSE248P;0,831649;0,829857
WSE1444;0,62158;0,618292
EOP7868;0,346532;0,348816
EWI961D;0,958494;0,960798
CTR7456;0,886631;0,888683
WY58670;0,546491;0,548159
NIL3535;0,715557;0,719161
CTU1210;0,950396;0,953724
SRS2013;0,703264;0,701388
WZY9176;0,122056;0,123716
NDZ6132;0,21685;0,21871
CGD8150;0,793857;0,790437
TST606F;0,065331;0,062547
CSW4471;0,580447;0,582827
NPI2072;0,018767;0,021031
LUB9718;0,518255;0,514543
DKA1443;0,837021;0,839749
GBY2123;0,533342;0,529538
NSZ8448;0,735902;0,738062
FZI8967;0,393062;0,396126
NEB9600;0,574752;0,577936
NOL4507;0,85006;0,852996
CG97781;0,518575;0,519991
KWA6482;0,867466;0,865682
WPU705O;0,39455;0,396486
RNI2447;0,265555;0,267251
EBE7309;0,731439;0,732887
ELE4598;0,60815;0,611466
GWE660D;0,785753;0,789157
NGO9410;0,804147;0,806827
DZL5538;0,23138;0,235028
EPD1467;0,494024;0,496568
PO1852D;0,386492;0,384748
RZE7144;0,141884;0,145748
WRA7205;0,549712;0,546604
CGR5488;0,9017;0,905212
TSA2570;0,020478;0,017806
EZG9571;0,529535;0,526743
BL96936;0,533507;0,536407
TSZ4505;0,243716;0,245264
RRS3699;0,941684;0,94412
DPL8260;0,025318;0,028626
KBC3869;0,116232;0,117916
RMI3407;0,518223;0,521043
LWL5004;0,565625;0,568709
EBR2763;0,445298;0,447762
DKL3952;0,760184;0,758556
KTT2196;0,843446;0,846934
FSU1902;0,319389;0,315393
EWE4423;0,9517;0,950004
CAL4310;0,592235;0,595535
EZD788M;0,308096;0,306204
POB1989;0,097732;0,094488
NBA1025;0,660371;0,657027
GDA2515;0,029668;0,032876
NOG3903;0,733652;0,73118
FZG8877;0,167017;0,165389
STY3028;0,856467;0,859255
SRC6856;0,511733;0,514597
ETM257F;0,951741;0,949361
GCH864N;0,814354;0,811718
BSK5990;0,463111;0,459915
FSL6199;0,031198;0,029186
WSK6080;0,048832;0,050776
NOL4507;0,331623;0,333795
NNM3913;0,28364;0,279908
CWL381S;0,572454;0,575662
CLI5630;0,797157;0,795241
DST6471;0,672884;0,67136
WK95525;0,62825;0,62471
WW85062;0,22853;0,23115
LB56852;0,067061;0,070061
CT31774;0,252019;0,255247
LU68482;0,37009;0,368454
RZE7144;0,982479;0,985851
PO13340;0,893846;0,897066
WW20137;0,658308;0,655168
WL49978;0,325556;0,327264
CB96618;0,346971;0,345135
DB79091;0,270765;0,267621
WI3373K;0,380658;0,379094
EP37557;0,19934;0,196364
FG18816;0,867608;0,870388
FZ46305;0,718287;0,720527
SB16521;0,410608;0,412908
OP99731;0,688907;0,692491
CW78453;0,246847;0,243747
RT86483;0,484773;0,482797
ST19923;0,845539;0,846971
WW8829E;0,161404;0,158052
WS87052;0,138354;0,13685
SC21037;0,125704;0,122964
WR41039;0,467296;0,469336
SZ51491;0,946975;0,949827
SW39699;0,864136;0,86698
WW50312;0,064592;0,06104
WX21908;0,965903;0,963275
BS62755;0,359732;0,356328
DL33730;0,682219;0,683935
SR84334;0,929922;0,926122
OB18936;0,724093;0,726493
GD23556;0,863095;0,859147
WZ23965;0,534296;0,535932
GA77712;0,061956;0,058572
NE78145;0,731584;0,729212
SY38147;0,932364;0,9305
WJ87174;0,371243;0,369847
RP20247;0,82938;0,827332
LZ36064;0,515621;0,513793
WU95639;0,463843;0,466563
WT96288;0,75155;0,754326
NO84797;0,506811;0,504927
WA22592;0,064921;0,062061
NBA1025;0,368746;0,370474
NBR3345;0,90526;0,90354
NDZ6132;0,759666;0,755858
NE78145;0,847102;0,848998
NEB9600;0,782402;0,784954
NEL2373;0,841834;0,840086
NGI7942;0,126585;0,129029
NGO9410;0,834863;0,832995
NIL3535;0,022539;0,020255
NKE9304;0,170194;0,173866
NLI1232;0,521669;0,525317
NMR7567;0,058332;0,055496
NNI5982;0,581494;0,57857
NNM3913;0,918554;0,92223
NO84797;0,897087;0,893735
NOE1810;0,316518;0,312738
NOG3903;0,871714;0,875518
NOL4507;0,423219;0,426271
NOL4507;0,591536;0,587692
NPI2072;0,879507;0,882555
NSZ8448;0,848275;0,849995
NWE1882;0,290026;0,291682
NBA1025;0,417331;0,419491
NBR3345;0,087447;0,085183
NDZ6132;0,999438;0,996754
NE78145;0,575983;0,579487
NEB9600;0,170068;0,167396
NEL2373;0,074226;0,075994
NGI7942;0,513014;0,511586
NGO9410;0,994567;0,996207
NIL3535;0,726802;0,72869
NKE9304;0,921802;0,919946
NLI1232;0,73686;0,734604
NMR7567;0,954863;0,952187
NNI5982;0,175047;0,178935
NNM3913;0,427692;0,429316
NO84797;0,176795;0,174771
NOE1810;0,409554;0,41143
NOG3903;0,686852;0,690504
NOL4507;0,211822;0,208802
NOL4507;0,432521;0,431105
NPI2072;0,398974;0,400526
NSZ8448;0,439323;0,436791
NWE1882;0,141675;0,138651
NMR7567;0,853424;0,856148
NNI5982;0,186281;0,183713
NNM3913;0,089881;0,092345
NO84797;0,024351;0,026023
NOE1810;0,897989;0,899861
NOG3903;0,869726;0,86769
NMR7567;0,448474;0,451698
NNI5982;0,583077;0,580181
NNM3913;0,84017;0,84219
NO84797;0,802827;0,805091
NOE1810;0,076985;0,073173
NOG3903;0,98944;0,987728
NMR7567;0,38586;0,38774
NNI5982;0,886341;0,888273
NNM3913;0,219602;0,217322
NO84797;0,142324;0,144844
NOE1810;0,786169;0,789117
NOG3903;0,116871;0,114135
NMR7567;0,074502;0,073054
NNI5982;0,250882;0,247378
NNM3913;0,946416;0,949652
NO84797;0,110017;0,108101
NOE1814;0,279649;0,281985
NOG3903;0,125494;0,121934
NO84797;0,459476;0,456
NOE1810;0,274872;0,277204
NOG3903;0,67701;0,673054
NO84796;0,167142;0,165106
NOE1810;0,596081;0,599633
NOG3903;0,304148;0,302212
NO84797;0,576519;0,574003
NOE1810;0,28254;0,284884
NOG3903;0,234085;0,230753
RZE7144;0,509983;0,507743
RZE7144;0,446646;0,449442
RZE7144;0,612305;0,614173
RZE7144;0,29541;0,299198
EOP7868;0,743781;0,747197
EP37557;0,51572;0,51716
EPA8924;0,214673;0,217745
EPD1467;0,905685;0,907857
ETM257F;0,453993;0,452185
EWE4423;0,650217;0,646353
EWI961D;0,174453;0,176009
NWE1882;0,140041;0,141617
GTC6032;0,862217;0,859949
NOE1810;0,507331;0,510719
CBR1005;0,896052;0,894644
STA5802;0,549495;0,546755
FSW8833;0,068551;0,065271
BLM550S;0,069554;0,067586
RPZ6117;0,852238;0,848498
FGW7916;0,447749;0,451573
NKE9304;0,841363;0,838819
BSU7002;0,206274;0,203698
BMN6560;0,534043;0,530979
DJE4167;0,520197;0,522549
NBR3345;0,464613;0,461553
KBR5778;0,949282;0,947058
EPA8924;0,629963;0,626367
RTA5016;0,765977;0,762125
WPZ8966;0,659051;0,662879
NEL2373;0,881793;0,879581
LZA7235;0,961884;0,958412
WZW7144;0,551709;0,549657
GSZ9176;0,555168;0,556824
DSR1552;0,507998;0,505806
WZU5215;0,290106;0,293006
NGI7942;0,888069;0,885341
WSZ3763;0,290084;0,293988
ELW4637;0,53885;0,53549
CZN4614;0,462983;0,459231
CCH2234;0,007619;0,003867
OPO5592;0,836248;0,832376
WKZ1364;0,506386;0,502634
ZBI683A;0,303909;0,301281
KWI7049;0,934843;0,938791
CBY9249;0,74358;0,745844
WPY7337;0,89885;0,901302
BSI3245;0,591338;0,593834
WSI3602;0,333036;0,335848
ZWA67SA;0,406959;0,405187
CIN2517;0,048376;0,044812
NNI5982;0,931476;0,93534
ZSZ97CD;0,807452;0,803984
CWA4963;0,904269;0,901105
GCZ6717;0,35201;0,354738
FZA9218;0,392476;0,395836
FWS1238;0,426659;0,422783
NMR7567;0,807975;0,805291
SWD1063;0,797166;0,800534
NLI1232;0,844401;0,842941
RPR8482;0,647521;0,644689
WSC9512;0,618941;0,616493
SRB970D;0,807326;0,804082
TSK8689;0,366592;0,368896
BSE248P;0,700568;0,70312
WSE1444;0,621524;0,61756
EOP7868;0,005778;0,00179
EWI961D;0,078622;0,076166
CTR7456;0,314112;0,317172
WY58670;0,917325;0,915529
NIL3535;0,569162;0,56643
CTU1210;0,44656;0,449212
SRS2013;0,619779;0,621611
WZY9176;0,357341;0,355101
NDZ6132;0,313584;0,317444
CGD8150;0,515827;0,513999
TST606F;0,336086;0,332198
CSW4471;0,601535;0,598487
NPI2072;0,528524;0,524944
LUB9718;0,521502;0,517926
DKA1443;0,553557;0,555645
GBY2123;0,613652;0,61106
NSZ8448;0,353449;0,357181
FZI8967;0,315402;0,313986
NEB9600;0,205589;0,207129
NOL4507;0,870647;0,873611
CG97781;0,065493;0,068885
KWA6482;0,323612;0,319888
WPU705O;0,930407;0,933283
RNI2447;0,220352;0,2168
EBE7309;0,584587;0,588339
ELE4598;0,553678;0,550546
GWE660D;0,343033;0,344601
NGO9410;0,489694;0,486258
DZL5538;0,515418;0,518474
EPD1467;0,139958;0,142914
WO182CT;0,605652;0,6083
RZE7144;0,517347;0,515335
WRA7205;0,482578;0,480354
CGR5488;0,42967;0,426546
TSA2570;0,271982;0,26879
EZG9571;0,97139;0,975058
BL96936;0,784575;0,787059
TSZ4505;0,647643;0,649191
RRS3699;0,44351;0,446222
DPL8260;0,182429;0,180929
KBC3869;0,699542;0,701602
RMI3407;0,796183;0,797995
LWL5004;0,456841;0,453225
EBR2763;0,515756;0,51722
DKL3952;0,983724;0,985876
KTT2196;0,371348;0,374724
FSU1902;0,692073;0,689205
EWE4423;0,283231;0,284871
CAL4310;0,188394;0,191078
EZD788M;0,093123;0,090423
POB1989;0,979741;0,983685
NBA1025;0,409332;0,411292
GDA2515;0,395259;0,391275
NOG3903;0,300278;0,304078
FZG8877;0,5643;0,5618
STY3028;0,192581;0,189345
SRC6856;0,660622;0,658346
ETM257F;0,856064;0,852164
GCH864N;0,936036;0,939636
BSK5990;0,560098;0,558086
FSL6199;0,986076;0,982804
WSK6080;0,31277;0,315046
NOL4507;0,668796;0,672004
NNM3913;0,26135;0,263414
CWL381S;0,657829;0,655653
CLI5630;0,804511;0,802579
DST6471;0,422498;0,424186
WK95525;0,496595;0,494703
WW85062;0,038954;0,040722
LB56852;0,978692;0,975064
CT31774;0,37815;0,380086
LU68482;0,93395;0,93237
RZE7144;0,56462;0,56224
PO13340;0,638022;0,642002
WW20137;0,74747;0,744874
WL49978;0,638094;0,635766
CB96618;0,305099;0,308195
DB79091;0,230732;0,227012
WI3373K;0,649602;0,651402
EP37557;0,649085;0,650825
FG41856;0,460805;0,464013
FZ46305;0,864314;0,862802
SB16521;0,552707;0,555231
OP99731;0,411618;0,409274
CW78453;0,150914;0,149274
RT86483;0,927525;0,924241
ST19923;0,891805;0,894521
WW8829E;0,949305;0,951001
WS87052;0,9947;0,996984
SC21037;0,924736;0,921876
WR41039;0,343604;0,345912
SZ51491;0,039157;0,041877
SW39699;0,708733;0,712205
WW50312;0,617435;0,619203
WX21908;0,753914;0,756742
BS62755;0,924647;0,927243
DL33730;0,130032;0,132528
SR84334;0,525906;0,528234
CT1893N;0,603425;0,605105
GD23556;0,012241;0,016217
WZ23965;0,132585;0,134109
GA77712;0,449553;0,447237
NE78145;0,113997;0,117621
SY38147;0,777538;0,774814
WJ87174;0,825823;0,827547
RP20247;0,208419;0,212231
LZ36064;0,395685;0,392317
WU95639;0,019333;0,016733
WT96288;0,378748;0,382492
NO84797;0,727628;0,73022
WA22592;0,6927;0,690436
NBA102A;0,905734;0,907898
NBR3345;0,376137;0,373297
NDZ6132;0,352136;0,353844
NE78145;0,247169;0,244461
NEB9600;0,649184;0,647028
NEL2373;0,368472;0,364732
NGI7942;0,154274;0,151698
NGO9410;0,673135;0,675779
NIL3535;0,9716;0,969
NKE9304;0,331857;0,333629
NLI1232;0,947239;0,949383
NMR7567;0,062723;0,066119
NNI5982;0,781743;0,784163
NNM3913;0,179935;0,176031
NO84797;0,297536;0,300764
NOE1810;0,984607;0,981887
NOG3903;0,783653;0,786097
NOL4507;0,169961;0,172141
NOL4507;0,400312;0,40276
NPI2072;0,255462;0,258422
NSZ8448;0,334134;0,331126
NWE1882;0,832898;0,829822
NBA1025;0,273877;0,271065
NBR3345;0,820848;0,818144
NDZ6132;0,438624;0,436876
NE78145;0,93975;0,941962
NEB9600;0,275888;0,277388
NEL2373;0,72039;0,722634
NGI7942;0,198152;0,200896
NGO9410;0,727199;0,728771
NIL3535;0,717983;0,715855
NKE9304;0,742444;0,739792
NLI1232;0,166557;0,168625
NMR7567;0,138625;0,141145
NNI5982;0,794505;0,791845
NNM3913;0,973508;0,971452
NO84797;0,4303;0,432728
NOE1810;0,421731;0,425011
NOG3903;0,611243;0,615191
NOL4507;0,482006;0,485122
NOL4507;0,751845;0,754617
NPI2072;0,986816;0,988576
NSZ8448;0,225889;0,224385
NWE1882;0,090769;0,093213
NMR7567;0,761152;0,759388
NNI5982;0,615743;0,612979
NNM3913;0,672663;0,676651
NO84799;0,457823;0,455755
NOE1810;0,854371;0,851655
NOG3903;0,598598;0,595206
NMR7567;0,395344;0,393472
NNI5982;0,811751;0,815495
NNM3913;0,57271;0,57501
NO84797;0,817775;0,814067
NOE1810;0,729627;0,727295
NOG3903;0,20138;0,197932
NMR7567;0,309731;0,313719
NNI5982;0,908527;0,906903
NNM3913;0,03376;0,035316
NO84797;0,973039;0,974647
NOE1810;0,143223;0,146963
NOG3903;0,878703;0,875667
NMR7567;0,785625;0,782685
NNI5982;0,862376;0,866032
NNM3913;0,959342;0,957582
NO84797;0,743167;0,746515
NOE1810;0,7447;0,748156
NOG3903;0,744249;0,746717
NO84797;0,245144;0,242704
NOE1810;0,954782;0,95157
NOG3903;0,199418;0,201918
NO84797;0,446937;0,443209
NOE1810;0,136495;0,139319
NOG3903;0,863254;0,867022
NO84797;0,023812;0,020456
NOE1810;0,135812;0,139392
NOG3903;0,602362;0,606062
RZE7144;0,749113;0,745757
RZE7144;0,32229;0,31961
RZE7144;0,258998;0,262306
RZE7144;0,160087;0,157171
EOP7868;0,345938;0,344314
EP37557;0,040057;0,041741
EPA8924;1,002396;0,998772
EPD1467;0,096156;0,097768
ETM257F;0,829419;0,826915
EWE4423;0,920619;0,922931
EWI961D;0,669418;0,667774
NWE1882;0,312445;0,310225
GTC6032;0,161962;0,16371
NOE1810;0,04006;0,038204
CBR1005;0,710891;0,713119
STA5802;0,172735;0,170815
FSW8833;0,894421;0,891097
BLM550S;0,039071;0,042567
RPZ6117;0,039606;0,037274
FGW7916;0,912382;0,914294
NKE9304;0,438199;0,439987
BSU7002;0,188942;0,186422
BMN6560;0,631273;0,634417
DJE4167;0,056969;0,054597
NBR3345;0,129272;0,126008
KBR5778;0,090899;0,093719
EPA8924;0,776792;0,775288
RTA5016;0,94622;0,948376
WPZ8966;0,262909;0,264473
NEL2373;0,997883;0,999483
LZA7235;0,961671;0,959251
WZW7144;0,5035;0,50676
GSZ9176;0,355049;0,358705
DSR1552;0,932578;0,929802
WZU5215;0,344651;0,347607
NGI7942;0,164145;0,162321
WSZ3763;0,522049;0,524209
ELW4637;0,394773;0,391409
CZN4614;0,130696;0,134684
CCH2234;0,108847;0,105555
OPO5592;0,62104;0,623452
WKZ1364;0,915269;0,918385
ZBI196E;0,398575;0,400679
KWI7049;0,672043;0,673451
CBY9249;0,035966;0,037982
WPY7337;0,514571;0,512627
BSI3245;0,923041;0,920677
WSI3602;0,141952;0,139256
ZWA215K;0,832403;0,830759
CIN2517;0,676799;0,678943
NNI5982;0,335408;0,339052
ZSZ29GR;0,711159;0,707763
CWA4963;0,711887;0,715611
GCZ6717;0,403043;0,399339
FZA9218;0,90539;0,907618
FWS1238;0,232645;0,235897
NMR7567;0,231638;0,23317
SWD1063;0,534156;0,535604
NLI1232;0,761816;0,759608
RPR8482;0,148512;0,146448
WSC9512;0,231432;0,227592
SRB970D;0,860035;0,857795
TSK8689;0,574158;0,572194
BSE248P;0,10882;0,104932
WSE1444;0,724115;0,727643
EOP7868;0,459281;0,455493
EWI961D;0,991722;0,994902
CTR7456;0,901733;0,905613
WY58670;0,990751;0,988807
NIL3535;0,712945;0,716229
CTU1210;0,257818;0,255946
SRS2013;0,086955;0,085379
WZY9176;0,351007;0,352463
NDZ6132;0,825953;0,829177
CGD8150;0,558544;0,554624
TST606F;0,215901;0,217981
CSW4471;0,859155;0,857167
NPI2072;0,674462;0,67789
LUB9718;0,479248;0,47626
DKA1443;0,518317;0,521473
GBY2123;0,693488;0,690936
NSZ8448;0,145533;0,148553
FZI8967;0,948669;0,950569
NEB9600;0,614926;0,612838
NOL4507;0,800924;0,799104
CG97781;0,808923;0,806979
KWA6482;0,026913;0,029257
WPU705O;0,843842;0,845642
RNI2447;0,818737;0,820593
EBE7309;0,778097;0,775249
ELE4598;0,836496;0,839096
GWE660D;0,638638;0,64251
NGO9410;0,438804;0,435784
DZL5538;0,204137;0,201841
EPD1467;0,887889;0,883893
PK18222;0,967287;0,970791
RZE7144;0,121395;0,124755
WRA7205;0,058614;0,056474
CGR5488;0,795592;0,792188
TSA2570;0,635368;0,639208
EZG9571;0,29478;0,298048
BL96936;0,312112;0,314508
TSZ4505;0,022316;0,019544
RRS3699;0,65989;0,65681
DPL8260;0,751814;0,749254
KBC3869;0,694612;0,698512
RMI3407;0,217417;0,215721
LWL5004;0,248913;0,252041
EBR2763;0,095534;0,09191
DKL3952;0,560215;0,561967
KTT2196;0,098788;0,09668
FSU1902;0,66767;0,67011
EWE4423;0,699164;0,700584
CAL4310;0,50449;0,502982
EZD788M;0,709128;0,706332
POB1989;0,254712;0,257904
NBA102S;0,523838;0,52655
GDA2515;0,091436;0,093964
NOG3903;0,404277;0,407593
FZG8877;0,112906;0,11459
STY3028;0,950772;0,947796
SRC6856;0,374113;0,372493
ETM257F;0,43324;0,431356
GCH864N;0,169924;0,166296
BSK5990;0,218423;0,215067
FSL6199;0,492419;0,495163
WSK6080;0,739957;0,743385
NOL4507;0,198873;0,196909
NNM3913;0,820107;0,822335
CWL381S;0,837498;0,835994
CLI5630;0,710985;0,708769
DST6471;0,024252;0,022828
WK95525;0,490612;0,488004
WW85062;0,683026;0,680758
LB56852;0,383748;0,386464
CT31774;0,051858;0,055254
LU68482;0,569901;0,572197
RZE7144;0,448673;0,450093
PO13340;0,808593;0,806297
WW20137;0,824208;0,827688
WL49978;0,063481;0,066905
CB96618;0,890782;0,892394
DB79091;0,541617;0,537629
WI3373K;0,053295;0,050727
EP37557;0,066353;0,063589
FG189FK;0,920089;0,923829
FZ46305;0,160262;0,164166
SB16521;0,022994;0,025886
OP99731;0,676971;0,675547
CW78453;0,788989;0,787333
RT86483;0,946055;0,943147
ST19923;0,284361;0,286385
WW8829E;0,902348;0,899436
WS87052;0,85301;0,850598
SC21037;0,242935;0,245931
WR41039;0,804313;0,800781
SZ51491;0,738356;0,739832
SW39699;0,471628;0,468208
WW50312;0,727774;0,724874
WX21908;0,425484;0,427272
BS62755;0,841912;0,844416
DL33730;0,844061;0,846921
SR84334;0,714682;0,71811
CB187BL;0,148141;0,144505
GD23556;0,76903;0,765034
WZ23965;0,364794;0,367258
GA77712;0,53641;0,533062
NE78145;0,382383;0,380647
SY38147;0,47501;0,479002
WJ87174;0,725286;0,726998
RP20247;0,585478;0,58823
LZ36064;0,374158;0,375778
WU95639;0,853362;0,856306
WT96288;0,872264;0,868884
NO84797;0,421784;0,424804
WA22592;0,717013;0,713653
NBA1025;0,029825;0,033637
NBR3345;0,267554;0,266042
NDZ6132;0,184341;0,188037
NE78145;0,559348;0,556192
NEB9600;0,303484;0,301828
NEL2373;0,250316;0,248904
NGI7942;0,070146;0,06633
NGO9410;0,066769;0,069177
NIL3535;0,425489;0,427021
NKE9304;0,678008;0,679824
NLI1232;0,760984;0,759316
NMR7567;0,203124;0,204928
NNI5982;0,552377;0,553769
NNM3913;0,184863;0,181919
NO84797;0,154847;0,152063
NOE1810;0,194591;0,196183
NOG3903;0,363853;0,365853
NOL4507;0,333266;0,329286
NOL4507;0,757904;0,75648
NPI2072;0,408875;0,406527
NSZ8448;0,440725;0,438293
NWE1882;0,640208;0,643336
NBA102B;0,890406;0,888886
NBR3345;0,256603;0,258711
NDZ6132;0,122706;0,118814
NE78145;0,58027;0,582994
NEB9600;0,918388;0,915484
NEL2373;0,540363;0,543071
NGI7942;0,455371;0,457887
NGO9410;0,919826;0,917754
NIL3535;0,22966;0,232468
NKE9304;0,552094;0,54861
NLI1232;0,558307;0,554787
NMR7567;0,333769;0,331113
NNI5982;0,570734;0,567042
NNM3913;0,739747;0,742963
NO8479C;0,83426;0,836968
NOE1810;0,53818;0,539676
NOG3903;0,583873;0,582025
NOL4507;0,552882;0,556282
NOL4507;0,294576;0,292016
NPI2072;0,713849;0,710653
NSZ8448;0,405204;0,402604
NWE1882;0,59559;0,597874
NMR7567;0,566838;0,562954
NNI5982;0,101677;0,099405
NNM3913;0,803373;0,799829
NO84797;0,57133;0,574154
NOE1810;0,332694;0,336678
NOG3903;0,235088;0,23294
NMR7567;0,36631;0,362998
NNI5982;0,526463;0,523167
NNM3913;0,935138;0,936982
NO84797;0,734133;0,731893
NOE1810;0,848944;0,846668
NOG3903;0,387678;0,38923
NMR7567;0,048844;0,051992
NNI5982;0,446404;0,4481
NNM3913;0,563856;0,560572
NO84797;0,489716;0,492728
NOE1810;0,955727;0,953323
NOG3903;0,731622;0,734686
NMR7567;0,351255;0,349383
NNI5982;0,709533;0,712857
NNM3913;0,54807;0,544422
NO84797;0,906599;0,908287
NOE1810;0,525751;0,524111
NOG3903;0,114372;0,116748
NO84797;0,084323;0,080867
NOE1810;0,126341;0,122433
NOG3903;0,445078;0,448346
NO84797;0,012021;0,013877
NOE1810;0,186155;0,184187
NOG3903;0,052546;0,050362
NO84797;0,332636;0,328836
NOE1810;0,821365;0,824737
NOG3903;0,519907;0,523319
RZE7144;0,193798;0,19087
RZE7144;0,522106;0,523606
RZE7144;0,079268;0,081592
RZE7144;0,290101;0,292001
EOP7868;0,762318;0,759522
EP37557;0,027099;0,022927
EPA8924;0,977611;0,980511
EPD1467;0,855384;0,858276
ETM257F;0,083104;0,080136
EWE4423;0,398232;0,400164
EWI961D;0,885293;0,882057
BL5582G;0,100374;0,098186
BLM8782;0,58142;0,584768
BMN3894;0,791046;0,788658
BS31698;0,532315;0,528755
BSE7433;0,688388;0,692172
BSI7235;0,281197;0,277657
BSK586A;0,997434;0,994294
BSU5919;0,782126;0,779918
CAL2064;0,193879;0,191755
CB95132;0,236111;0,237971
CBR5883;0,122076;0,124604
CBY5051;0,590567;0,588483
CCH7924;0,417905;0,415773
CG59243;0,738995;0,741307
CGD5776;0,359362;0,357866
CGR1261;0,220692;0,218588
CIN3593;0,051676;0,053148
CLI7557;0,645945;0,649501
CSW8524;0,013843;0,011911
CT68312;0,817774;0,821538
CTR9653;0,494046;0,492494
CTU8578;0,628566;0,631602
CW37343;0,622046;0,62413
CWA131O;0,655912;0,65336
CWL3378;0,68479;0,68873
CZN3150;0,817113;0,818965
DB58025;0,407681;0,403825
DJE2824;0,326622;0,328746
DKA9237;0,291389;0,293441
DKL5927;0,155655;0,151727
DL55328;0,889043;0,886583
DPL8275;0,642819;0,640619
DSR2326;0,920846;0,924014
DST4194;0,217991;0,215323
DZL6373;0,096703;0,094675
EBE7668;0,04918;0,045276
EBR4237;0,51215;0,508546
ELE6198;0,568247;0,569931
ELW6064;0,831307;0,829571
EOP1476;0,162349;0,159421
EP89410;0,669654;0,665894
EPA1590;0,885238;0,88203
EPD160N;0,130144;0,133712
ETM8116;0,308182;0,305214
EWE4571;0,529331;0,532107
EWI2309;0,031983;0,035731
EZD9842;0,119934;0,11671
EZG5773;0,867239;0,864347
FG0951N;0,017892;0,014028
FGW6941;0,298897;0,296673
FSL518H;0,423147;0,419211
FSU7573;0,537449;0,538953
FSW5992;0,241826;0,23921
FWS226P;0,744708;0,746412
FZ17044;0,83007;0,826706
FZA9954;0,038924;0,037212
FZG4304;0,346945;0,350313
FZI4964;0,766585;0,763181
GA40781;0,12286;0,120788
GBY6936;0,294947;0,293119
GCH6872;0,3278;0,325832
GCZ2644;0,71818;0,714916
GD56329;0,579276;0,581512
GDA2835;0,552227;0,550759
GSZ6990;0,301085;0,299101
GTC7381;0,277881;0,280553
GWE7036;0,261075;0,257411
KBC2269;0,692979;0,695003
KBR7936;0,05172;0,054052
KTT8835;0,403704;0,402132
KWA9676;0,560043;0,556615
KWI9178;0,746949;0,744813
LB1414G;0,207838;0,206226
LU35521;0,255234;0,257862
LUB1054;0,724818;0,722098
LWL7458;0,66598;0,663936
LZ94980;0,759651;0,762723
LZA7617;0,726722;0,72447
NBA7692;0,380894;0,377074
NBR9068;0,343464;0,346044
NDZ3838;0,068135;0,070363
NE43232;0,0339;0,032156
NEB4258;0,541229;0,543509
NEL2042;0,347918;0,350962
NGI3330;0,431591;0,433247
NGO2477;0,257804;0,25446
NIL3535;0,057469;0,054021
NKE9304;0,930741;0,928553
NLI1794;0,926319;0,922907
NMR424I;0,532664;0,534856
NNI6370;0,881125;0,877373
NNM9579;0,906107;0,907967
NO33338;0,523573;0,525761
NOE8398;0,620612;0,623772
NOG4844;0,474542;0,470714
NOL5089;0,943901;0,942281
NOS9404;0,90643;0,909722
NPI201N;0,344642;0,34695
NSZ1891;0,29603;0,292302
NWE5330;0,20542;0,201748
OB94491;0,082901;0,084425
OP67817;0,667764;0,664248
OPO3720;0,008227;0,010375
PK16514;0,167096;0,16858
PO36336;0,466858;0,47053
POB6651;0,589291;0,591811
RMI7902;0,049029;0,052521
RNI3021;0,817546;0,814446
RP5592K;0,097457;0,099601
RPR3058;0,260156;0,257264
RPZ5906;0,780901;0,778217
RRS3368;0,721836;0,723304
RT43110;0,624628;0,626828
RTA4619;0,553144;0,55516
RZE7144;0,489941;0,493113
RZE7144;0,755738;0,752926
SB68800;0,956812;0,953748
SC32502;0,609267;0,606251
SR1985M;0,486245;0,488573
SRB024S;0,633112;0,634676
SRC187N;0,714253;0,716173
SRS6116;0,588819;0,585771
ST97059;0,214637;0,217021
STA4751;0,004144;0,002196
STY6873;0,383727;0,380291
SW85648;0,168372;0,170196
SWD617N;0,116333;0,113373
SY78603;0,904266;0,90611
SZ59202;0,717067;0,714003
TSA241J;0,97919;0,977282
TSK2073;0,674361;0,670425
TST8888;0,253623;0,256579
TSZ4162;0,056482;0,058942
WA21713;0,870444;0,868652
WI32726;0,959534;0,96345
WJ47079;0,054336;0,058036
WK42847;0,8317;0,829744
WKZ1004;0,62874;0,630604
WL69908;0,917331;0,919063
WPU9780;0,444025;0,447085
WPY9119;0,144228;0,142376
WPZ7235;0,622036;0,620224
WR97385;0,126361;0,130357
WRA9291;0,476607;0,478759
WS94235;0,92649;0,925082
WSC4081;0,918811;0,915323
WSE356D;0,058838;0,056754
WSI3586;0,498648;0,497236
WSK9224;0,46205;0,45919
WSZ9428;0,763558;0,760234
WT62996;0,007579;0,010695
WU2974D;0,49057;0,493046
WW71217;0,126208;0,128316
WW17659;0,036773;0,034509
WW52111;0,10241;0,099714
WW82357;0,710811;0,707383
WX30361;0,288352;0,29112
WY27675;0,146864;0,149512
WZ58017;0,423686;0,42081
WZU7839;0,967655;0,964379
WZW2110;0,052663;0,048891
WZY9376;0,114995;0,113023
ZBI9880;0,551484;0,552996
ZSZ5258;0,911447;0,914731
ZWA9726;0,700198;0,702954
BL96423;0,526156;0,52922
BLM1403;0,68652;0,688684
BMN5915;0,356872;0,3594
BS53470;0,773409;0,775529
BSE8878;0,11723;0,115522
BSI1759;0,244333;0,247077
BSK8702;0,014217;0,011981
BSU6951;0,627401;0,625781
CAL4809;0,938582;0,941958
CB71301;0,696943;0,698627
CBR7720;0,13768;0,134328
CBY8643;0,749107;0,753027
CCH9482;0,585683;0,587267
CG47792;0,590848;0,593264
CGD9990;0,14569;0,143074
CGR9703;0,638406;0,640054
CIN691K;0,768716;0,772488
CLI2574;0,817162;0,81427
CSW4060;0,856785;0,853693
CT86442;0,451696;0,454168
CTR5598;0,614579;0,612971
CTU6811;0,581361;0,578525
CW96921;0,965522;0,961914
CWA6850;0,429481;0,426261
CWL2921;0,642319;0,644939
CZN5274;0,648124;0,646036
DB67589;0,03119;0,028662
DJE2146;0,783956;0,782564
DKA7028;0,77187;0,768526
DKL4966;0,996209;0,993185
DL55344;0,269104;0,270732
DPL8466;0,793863;0,797763
DSR6069;0,927354;0,930794
DST5125;0,413832;0,41626
DZL4203;0,745876;0,748492
EBE6538;0,65304;0,649144
EBR2084;0,627764;0,624268
ELE9063;0,880853;0,882981
ELW1531;0,643357;0,639417
EOP3703;0,894476;0,896192
EP33151;0,591151;0,587699
EPA1431;0,052143;0,050655
EPD7404;0,781846;0,784754
ETM4322;0,626494;0,628334
EWE455O;0,718107;0,719699
EWI1216;0,592388;0,588748
EZD7248;0,689285;0,687877
EZG1393;0,620569;0,623081
FG67386;0,305331;0,308487
FGW6752;0,087454;0,089934
FSL9473;0,271041;0,274029
FSU8901;0,939267;0,941751
FSW4979;0,78683;0,784966
FWS4179;0,429418;0,425634
FZ79420;0,142023;0,139995
FZA9518;0,623917;0,627597
FZG1291;0,62443;0,621498
FZI1328;0,860353;0,863061
GA43729;0,504239;0,502799
GBY8879;0,352459;0,355579
GCH6429;0,546445;0,544157
GCZ2096;0,530438;0,533066
GD19511;0,560152;0,556324
GDA138R;0,903016;0,90554
GSZ1612;0,239196;0,243
GTC745B;0,809547;0,811943
GWE9120;0,009325;0,007417
KBC3948;0,921642;0,924758
KBR9340;0,94211;0,945606
KTT7762;0,517907;0,516183
KWA9904;0,165837;0,167249
KWI9918;0,025695;0,023115
LB42424;0,913122;0,910598
LU21178;0,584831;0,587259
LUB2655;0,809341;0,812673
LWL7800;0,848694;0,851998