1. 
województwo	Sum - L2016	Sum - L2017	Sum - L2018	Sum - L2019	Sum - L2020	Sum - L2021
02	2904198	2903710	2902547	2901225	2900163	2891321
04	2086210	2083927	2082944	2077775	2072373	2061942
06	2139726	2133340	2126317	2117619	2108270	2095258
08	1018084	1017376	1016832	1014548	1011592	1007145
10	2493603	2485323	2476315	2466322	2454779	2437970
12	3372618	3382260	3391380	3400577	3410901	3410441
14	5349114	5365898	5384617	5403412	5423168	5425028
16	996011	993036	990069	986506	982626	976774
18	2127657	2127656	2129138	2129015	2127164	2121229
20	1188800	1186625	1184548	1181533	1178353	1173286
22	2307710	2315611	2324251	2333523	2343928	2346671
24	4570849	4559164	4548180	4533565	4517635	4492330
26	1257179	1252900	1247732	1241546	1233961	1224626
28	1439675	1436367	1433945	1428983	1422737	1416495
30	3475323	3481625	3489210	3493969	3498733	3496450
32	1710482	1708174	1705533	1701030	1696193	1688047
 
odnosnik - liczba_ludnosci.png

2. 32,70%

3. 291

4. 
0207	1,08762
0206	0,9315
