63
251 15
197 88
243 45
144 24
221 48
194 26
169 25
188 110
9 247
94 26
165 76
254 28
290 2
214 2
83 123
101 178
164 94
145 118
119 129
289 12
213 46
66 59
206 23
265 34
72 25
187 106
36 42
170 45
123 56
48 199
254 30
77 153
47 137
205 52
136 120
222 75
228 15
66 96
9 199
202 44
256 5
59 19
34 115
198 100
89 119
49 187
261 16
197 103
187 87
288 11
254 39
31 155
18 145
284 2
276 6
56 158
129 96
298 2
7 82
271 9
209 20
116 127
166 41
24
61
64
129
25
46
164
44
211
7
223
172
144
127
98
264
282
76
266
247
199
221
144
135
2
56
55 111
101 123
68 136
78 78
130 15
21 129
80 66
255 23
38 132
282 13
184 91
156 131
194 68
71 59
274 23
46 156
240 43
233 61
35 42
58 9
9 10
236 45
22 58
213 30
115 46
116 14
28 16
82 126
175 1
85 91
188 85
275 4
264 4
69 93
45 31
90 63
72 92
141 82
245 34
115 113
271 8
132 69
109 87
150 55
290 3
286 2
187 78
192 9
256 1
152 88
274 12
180 42
33 17
283 13
74 182
77 118
11
161
204
244
118
95
89
178
37
205
207
98
82
124 155
179 64
98 76
260 17
32 209
29 25
248 8
100 198
34 36
42 222
98 149
15 149
255 26
137 126
100 3
48 165
278 18
30 105
281 15
29 41
86 111
98 133
45 206
187 91
275 8
35 121
73 187
3 83
201 2
287 1
111 156
7 47
108 107
261 34
113 38
292 5
276 10
157 33
173 114
269 9
116 121
298 3
257 15
168 30
267 15
141 135
234 44
177 4
32 247
81 198
37 96
71 52
94 42
283 18
85 31
231 16
173 25
119 172
106 173
122 28
26 103
120 3
107 172
81 171
174 107
120 1
292 8
111 127
193 104
58 98
39 243
27 37
23 199
48 214
260 4
205 4
62 209
59 95
262 3
100 21
139 56
170 128
46
23
255
164
52
186
217
275
227
85
132
131
266
159
230
243
4
219
184
208
267
208
200
46
48
213
131
241
27
221
167
109
195
286
89
13
264
74
201
139
37
95
138
135
47
11
259