identyfikator uczestnika; kolacja; materialy
1001; 1; 1
1002; 1; 0
1003; 0; 2
1004; 1; 1
1006; 1; 2
1007; 1; 1
1008; 1; 2
1009; 2; 1
1010; 1; 0
1011; 1; 1
1012; 0; 1
1013; 0; 1
1016; 0; 1
1017; 1; 0
1018; 3; 1
1019; 1; 1
1021; 1; 1
1023; 1; 1
1024; 1; 1
1025; 1; 1
1027; 0; 1
1028; 0; 1
1029; 1; 1
1031; 1; 2
1032; 0; 1
1033; 0; 1
1035; 3; 1
1036; 0; 1
1037; 1; 1
1038; 1; 1
1039; 0; 2
1040; 1; 1
1041; 0; 1
1042; 1; 1
1043; 0; 2
1046; 0; 1
1047; 1; 0
1048; 1; 1
1049; 1; 1
1051; 0; 1
1052; 0; 1
1053; 1; 1
1054; 0; 1
1055; 1; 0
1056; 1; 1
1057; 1; 1
1058; 2; 2
1059; 1; 1
1060; 2; 2
1061; 1; 1
1062; 1; 1
1063; 1; 0
1064; 0; 1
1065; 3; 1
1066; 1; 0
1067; 1; 1
1068; 0; 1
1069; 0; 1
1070; 1; 0
1071; 1; 1
1072; 2; 0
1073; 0; 1
1074; 0; 1
1075; 1; 1
1076; 1; 1
1077; 1; 2
1078; 0; 1
1079; 0; 1
1080; 1; 1
1081; 0; 1
1082; 0; 1
1083; 2; 1
1084; 1; 1
1085; 1; 1
1086; 0; 1
1089; 0; 1
1090; 0; 1
1091; 1; 1
1093; 2; 0
1095; 1; 1
1096; 0; 1
1097; 1; 1
1098; 1; 0
1099; 1; 1
1100; 1; 0
1101; 0; 1
1102; 1; 2
1103; 0; 1
1104; 0; 1
1105; 0; 1
1106; 0; 1
1107; 1; 0
1108; 0; 1
1109; 1; 0
1110; 0; 2
1111; 0; 1
1112; 1; 1
1113; 0; 1
1114; 1; 1
1115; 1; 1
1116; 1; 1
1117; 1; 1
1118; 2; 1
1119; 0; 2
1120; 0; 2
1122; 1; 1
1124; 0; 1
1125; 1; 1
1126; 0; 1
1127; 1; 2
1128; 1; 1
1129; 1; 1
1131; 1; 1
1132; 1; 1
1134; 1; 1
1135; 1; 1
1136; 1; 1
1137; 0; 1
1139; 0; 2
1140; 1; 1
1141; 0; 2
1142; 0; 1
1143; 0; 1
1144; 1; 1
1145; 0; 1
1146; 0; 1
1147; 0; 1
1148; 0; 1
1149; 0; 1
1150; 0; 2
1151; 1; 1
1153; 1; 1
1154; 1; 1
1155; 0; 1
1156; 0; 1
1157; 0; 1
1158; 1; 1
1159; 0; 1
1160; 0; 1
1161; 1; 1
1162; 1; 1
1163; 3; 1
1164; 0; 1
1165; 0; 1
1166; 0; 1
1167; 0; 1
1168; 0; 1
1170; 1; 1
1171; 0; 1
1172; 1; 1
1173; 1; 1
1174; 1; 0
1175; 1; 1
1176; 0; 1
1177; 0; 1
1178; 1; 1
1179; 0; 1
1180; 0; 1
1182; 0; 1
1183; 1; 1
1184; 3; 1
1185; 1; 0
1186; 0; 1
1188; 0; 1
1189; 0; 1
1191; 1; 1
1193; 0; 1
1194; 1; 1
1195; 0; 1
1196; 0; 1
1197; 0; 1
1200; 0; 1
1201; 1; 1
1202; 1; 0
1203; 1; 0
1204; 1; 1
1205; 0; 1
1206; 1; 1
1207; 0; 2
1208; 1; 1
1209; 0; 1
1210; 0; 1
1211; 0; 1
1212; 0; 1
1213; 1; 1
1214; 1; 1
1215; 1; 1
1216; 1; 1
1217; 0; 1
1218; 1; 1
1221; 1; 2
1222; 1; 1
1223; 0; 1
1224; 3; 1
1225; 1; 1
1227; 0; 1
1228; 0; 1
1229; 0; 1
1230; 1; 1
1231; 0; 1
1232; 1; 1
1233; 1; 1
1234; 1; 1
1235; 0; 1
1236; 1; 1
1237; 2; 1
1238; 0; 1
1239; 0; 1
1240; 1; 2
1241; 1; 1
1242; 0; 1
1243; 1; 0
1246; 0; 1
1247; 0; 2
1248; 3; 1
1249; 1; 1
1250; 0; 1
1251; 1; 0
1252; 0; 1
1253; 1; 0
1254; 0; 1
1255; 0; 1
1256; 1; 0
1259; 1; 0
1260; 1; 1
1261; 0; 1
1262; 3; 1
1263; 1; 1
1264; 1; 1
1265; 1; 1
1266; 0; 1
1267; 0; 1
1268; 1; 1
1269; 0; 1
1270; 0; 1
1271; 1; 1
1272; 0; 1
1273; 0; 1
1274; 1; 0
1275; 1; 0
1276; 0; 1
1277; 0; 2
1278; 0; 2
1279; 0; 1
1280; 0; 1
1281; 0; 1
1282; 1; 1
1283; 0; 2
1285; 0; 1
1286; 1; 1
1287; 0; 1
1288; 1; 1
1289; 1; 1
1290; 1; 1
1291; 1; 2
1292; 0; 1
1293; 1; 1
1294; 0; 1
1295; 1; 0
1296; 0; 1
1297; 1; 1
1298; 0; 1
1299; 1; 1
1300; 0; 1
1301; 1; 1
1302; 0; 1
1303; 0; 2
1304; 1; 1
1305; 1; 0
1306; 3; 1
1307; 0; 1
1308; 1; 0
1309; 1; 1
1310; 1; 1
1311; 1; 1
1312; 0; 1
1313; 0; 1
1314; 1; 0
1315; 0; 1
1316; 0; 1
1317; 1; 1
1318; 0; 1
1319; 0; 1
1320; 1; 0
1321; 0; 1
1322; 1; 1
1323; 0; 1
1324; 0; 1
1325; 1; 1
1326; 1; 1
1327; 0; 1
1328; 0; 1
1329; 2; 0
1330; 0; 1
1332; 0; 1
1334; 0; 1
1335; 0; 1
1336; 0; 1
1337; 0; 2
1338; 0; 1
1339; 0; 1
1340; 0; 1
1342; 0; 1
1343; 0; 1
1344; 0; 1
1345; 1; 0
1346; 1; 1
1347; 0; 1
1348; 1; 1
1349; 0; 2
1351; 1; 1
1352; 0; 1
1353; 0; 1
1354; 1; 1
1355; 0; 1
1356; 1; 1
1358; 1; 0
1359; 0; 1
1360; 2; 1
1361; 0; 1
1362; 2; 2
1363; 0; 1
1364; 0; 1
1365; 1; 1
1366; 0; 1
1367; 1; 0
1368; 1; 1
1369; 1; 1
1370; 1; 0
1371; 0; 2
1372; 0; 1
1373; 0; 1
1374; 0; 1
1375; 1; 1
1376; 0; 1
1377; 1; 1
1378; 1; 0
1379; 1; 0
1380; 1; 1
1381; 0; 1
1382; 1; 2
1383; 0; 1
1384; 1; 0
1385; 1; 1
1386; 0; 1
1387; 0; 1
1388; 0; 1
1390; 0; 1
1391; 1; 1
1392; 1; 1
1393; 0; 1
1394; 1; 0
1395; 0; 1
1396; 0; 1
1397; 1; 0
1398; 1; 1
1399; 1; 1
1400; 1; 1
1401; 2; 1
1402; 1; 1
1403; 1; 0
1404; 0; 1
1405; 1; 1
1407; 1; 1
1408; 1; 1
1409; 1; 2
1410; 0; 1
1411; 0; 1
1412; 1; 1
1414; 3; 1
1415; 0; 1
1416; 0; 1
1417; 0; 1
1418; 1; 1
1419; 0; 1
1420; 1; 0
1421; 1; 1
1422; 1; 2
1423; 0; 1
1424; 1; 0
1425; 1; 2
1426; 0; 1
1427; 0; 1
1428; 1; 1
1430; 1; 1
1431; 0; 1
1432; 0; 1
1433; 0; 1
1435; 1; 1
1436; 0; 1
1437; 1; 1
1438; 1; 1
1439; 0; 1
1440; 0; 1
1441; 0; 1
1442; 1; 1
1443; 0; 1
1444; 0; 1
1447; 0; 1
1448; 1; 1
1449; 1; 1
1451; 3; 0
1452; 1; 0
1453; 1; 0
1454; 0; 1
1455; 1; 1
1456; 0; 1
1457; 0; 1
1458; 1; 1
1459; 1; 1
1460; 0; 1
1461; 1; 1
1462; 0; 1
1463; 0; 1
1464; 0; 2
1465; 0; 1
1466; 0; 1
1467; 0; 1
1468; 1; 2
1469; 0; 1
1470; 1; 1
1471; 0; 1
1473; 1; 0
1474; 0; 1
1475; 0; 1
1476; 1; 0
1477; 0; 1
1478; 0; 1
1479; 0; 1
1480; 1; 1
1481; 0; 1
1484; 1; 1
1485; 0; 1
1486; 0; 1
1489; 0; 2
1490; 1; 1
1491; 0; 1
1492; 1; 1
1493; 1; 0
1494; 1; 1
1495; 0; 1
1496; 0; 1
1497; 1; 1
1498; 1; 2
1499; 1; 0
1500; 1; 0
1501; 0; 1
1502; 0; 2
1504; 0; 2
1505; 0; 1
1506; 0; 2
1507; 1; 1
1508; 1; 1
1509; 0; 1
1510; 1; 1
1511; 1; 0
1512; 1; 1
1513; 1; 2
1514; 0; 1
1515; 1; 1
1516; 1; 1
1517; 1; 1
1519; 0; 1
1521; 1; 2
1522; 0; 1
1523; 1; 1
1524; 0; 1
1525; 0; 1
1526; 1; 1
1527; 0; 2
1528; 1; 1
1531; 0; 1
1532; 0; 1
1533; 0; 1
1534; 1; 1
1536; 1; 1
1537; 0; 1
1538; 1; 1
1539; 1; 1
1540; 1; 1
1541; 1; 0
1542; 0; 2
1543; 1; 0
1544; 0; 1
1545; 1; 0
1546; 3; 0
1547; 1; 1
1548; 1; 1
1551; 0; 1
1552; 0; 1
1553; 0; 1
1554; 1; 1
1555; 1; 1
1556; 0; 1
1557; 0; 1
1558; 0; 1
1559; 1; 1
1560; 1; 1
1561; 0; 1
1562; 1; 1
1563; 1; 1
1565; 1; 1
1567; 0; 1
1568; 0; 1
1569; 0; 1
1570; 0; 1
1572; 0; 1
1573; 1; 1
1574; 1; 0
1575; 1; 1
1577; 0; 1
1578; 1; 1
1579; 1; 1
1580; 1; 0
1581; 0; 1
1582; 1; 1
1583; 0; 2
1586; 0; 1
1587; 0; 1
1588; 0; 1
1589; 0; 2
1590; 1; 1
1592; 1; 0
1594; 1; 1
1595; 1; 1
1596; 1; 1
1597; 1; 0
1598; 0; 1
1600; 1; 1
1601; 1; 0
1602; 0; 2
1603; 0; 1
1604; 1; 1
1605; 0; 1
1606; 0; 1
1607; 0; 1
1609; 1; 1
1610; 0; 1
1611; 0; 1
1612; 0; 1
1613; 1; 1
1614; 0; 1
1615; 0; 1
1616; 1; 1
1617; 1; 0
1618; 0; 1
1619; 1; 2
1620; 1; 1
1621; 2; 1
1622; 0; 1
1625; 0; 1
1626; 0; 2
1627; 0; 2
1628; 0; 1
1629; 1; 1
1630; 1; 1
1631; 0; 1
1632; 0; 1
1633; 1; 0
1634; 3; 1
1635; 0; 1
1636; 3; 1
1637; 3; 1
1638; 0; 1
1639; 0; 1
1640; 0; 1
1641; 1; 1
1642; 1; 1
1643; 1; 1
1644; 0; 1
1645; 1; 1
1646; 0; 1
1647; 1; 1
1648; 0; 1
1649; 0; 1
1650; 1; 2
1651; 1; 1
1652; 0; 1
1653; 1; 1
1654; 1; 1
1655; 0; 1
1656; 1; 0
1657; 0; 1
1658; 1; 1
1659; 1; 1
1660; 1; 1
1661; 0; 1
1662; 1; 0
1664; 0; 1
1665; 3; 1
1666; 0; 1
1667; 1; 2
1668; 0; 1
1669; 1; 1
1670; 1; 2
1671; 1; 0
1672; 1; 1
1673; 0; 2
1674; 0; 1
1675; 1; 0
1676; 1; 1
1677; 3; 1
1678; 1; 1
1679; 1; 1
1680; 0; 1
1681; 0; 2
1682; 1; 0
1683; 0; 1
1684; 1; 1
1685; 0; 1
1686; 1; 1
1687; 0; 1
1688; 1; 1
1689; 1; 1
1690; 1; 1
1691; 0; 1
1692; 1; 1
1693; 0; 1
1694; 0; 1
1695; 0; 1
1696; 0; 1
1697; 1; 1
1698; 3; 1
1699; 1; 1
1700; 0; 1
1702; 3; 1
1703; 0; 2
1704; 1; 1
1705; 1; 1
1706; 0; 1
1708; 0; 1
1709; 0; 1
1710; 1; 1
1711; 0; 2
1712; 1; 1
1714; 1; 0
1715; 0; 1
1716; 0; 1
1718; 1; 1
1719; 1; 1
1722; 1; 0
1723; 0; 1
1724; 0; 1
1725; 1; 1
1726; 0; 1
1728; 1; 0
1729; 1; 1
1730; 0; 1
1731; 1; 1
1732; 1; 1
1734; 0; 1
1735; 1; 2
1737; 1; 1
1738; 3; 2
1739; 0; 1
1740; 1; 1
1741; 1; 1
1742; 1; 1
1743; 0; 2
1744; 0; 1
1745; 1; 1
1746; 0; 1
1747; 1; 1
1748; 1; 1
1749; 1; 0
1750; 1; 1
1751; 3; 1
1752; 0; 1
1753; 1; 1
1754; 1; 1
1755; 2; 1
1756; 1; 1
1757; 1; 1
1758; 0; 1
1759; 0; 1
1760; 1; 1
1762; 1; 1
1763; 1; 1
1764; 0; 1
1765; 1; 1
1766; 1; 1
1767; 1; 1
1768; 0; 1
1769; 1; 0
1770; 0; 1
1771; 1; 1
1773; 1; 0
1774; 0; 1
1775; 3; 1
1776; 1; 1
1777; 1; 1
1778; 3; 1
1782; 1; 1
1783; 1; 1
1784; 1; 1
1785; 0; 1
1786; 1; 2
1787; 1; 0
1789; 1; 1
1790; 1; 1
1791; 0; 1
1792; 0; 1
1793; 1; 1
1795; 1; 1
1796; 1; 1
1797; 1; 0
1798; 0; 1
1799; 2; 0
1800; 1; 1